943893589367345223
931413275911020585
857754945394573313
940710049280561243
931413220340690994
785175252585021520
789599115729567806
925733919565967371
931413196567355432
941552714616279100
941552379814359070
944376120491520053
941553319783067658
944002408374222888
941549275886796861
941548069852426240
952967540861173852
944375381505486878
944375044627382324
941550382419673098
943188455058472970
686155124636254356
943188699691241523
952967261096931418
943188707102564373
943189168471826442
943189454082953256
943191792499687505
943191981327265822
943192249221677116
943192356373561384
943192362006511697
943192365164806164
943192443657019442
943192455921152080
943192476821377095
943192506970042460
943192531007569960
943192571939790908
943192610028273726
943192661874081803
943192733227561081
943192767696367646
943192785232748594
943192847744655460
943193024115138611
943193145498292234
943193149025710190
943193163806421092
943193241988247593
943193299001430016
943193319897444382
943193324242751488
943193344648044545
943193353896476672
943193369386037318
943193376369557504
943193506581733386
943193422716633188
943193401854160976
943193526135574558
943193530917081119
943193557135654932
943193685321998406
943193708403257344
943987501008297984
952967227768983643
943196558491545610
943193917816442940
943196565487640578
943193931238236231
943196706005217290
943196603773255710
943196618004521020
943196620038742096
943196739702227024
943196758211698758
943196764767395900
943196815946297364
943196818613887077
943196824578166814
943193714967347210
943196841263116398
943196873622183957
943196881809469441
943197003507204188
943197022280888361
943196965959761930
943196844425609257
943197355665133668
943197374908600370
943197377609744395
943197425361891339
943197508216168499
943197557096587287
943197542781448212
943197591548620811
943197630677270599
943197636574474310
943197643255971880
943197612138459136
943197608262922260
943197773879197716
943197785702932500
942032523846893608
952966598166212608
952967067693379604
931287658368487475
931287423332253737
952967223973122088
931287370660204635
931413217324957736
927178880480067595
931287760579481600
931287640274255932
931287502239715349
931287564453814293
921279495204380712
926804947956285450
927177038756986890
952966632257511464
935585564793651200
931287511148408873
941551382182379551
941529628441477140
941550367160811570
940710451350736946
940710836224274483
931413266285084692
931413214879678514
944577524611035137
820873948513959946
931287399886094356
931413264892588072
942746889433018429
952967337475182643
952966956804350012
931413218570690640
944346432943554651
924658562892972062
924657919386071040
932164065751605259
944090549449818153
952966627354345532
944344721134866543
952967392793854044
931413231426224138
952967390981926943
944347738592665670
924658325528924163
924657987304427520
929772972384849990
944079860207329300
936720365827293255
944088254133727314
944099678138548234
951876205462818917
951876213583007745
944037506427535391
952967352704704592
931413300867117067
952966980535721984
940709736620392518
943879101779951696
941549316995166218
941529993631117323
941553349457748008
952966969202712646
931413209745866752
941548804161802281
941548025459933254
952967028342407208
944247889889218680
952967013142237184
940710028464246844
944578775683850291
923446958767603773
944345717827317830
688327629664682013
923447133892395068
943891676378824715
928691986444218418
928691938381672518
928692259711516724
952966769042141264
952967597522059294
931413277345472562
931413292382056499
944316905324421211
927434203753222205
944577828614189067
951878776218869780
940709918703509564
944348435438522391
944347710612459601
944348883708964966
943975508746588242
944336405792948236
927229131110895617
944341924012240946
944346027866079325
944335251952525412
944335677619843172
944331871557415005
903436560052125797
903649395013214219
903498377394782208
903424152269123626
903480165324181574
903461242998493265
903476601700884511
903468673732321352
903419251547844678
903649237290614804
904143198996279376
903558826681323541
903406150769328188
903488667660746752
903633847504211988
904174605466480660
903470772281024602
903587788451106836
903429014146924594
903655885417619496
903423415887724564
903655917600530513
903468973964804097
903648656194932766
903404617688293376
903472715942465597
903442519357009981
903484477760757770
903516405176078336
903417046627414016
903442431310184519
903403242774483015
903480094289449010
903451383842365441
903566878578982912
903979562705223702
903478633396572230
903585537510768680
903403742072799262
903639745811341323
903468564927881297
903560853473853450
903466481533190164
903463486158426142
904115026598699019
903442362192261130
903471838636703755
903458296990691348
903463746419171408
904165364571729992
904074526734835733
903385564701671484
903595733452718080
903459469722271766
903383231871717438
903518362322219058
904184464249331762
904195904104439860
903448441991069696
904159599102406667
904137415525011496
903448769306173502
903448684816134165
903436910117134336
903605981047578716
903619223052492800
903494026660048906
904179907926589450
903421186971697252
903430468429549639
903478234727993394
903463624171999273
904159139436052551
903441919940657172
903994221571227658
903419046886776872
903645295181725786
903605710129086464
903547678024167424
904128311200972811
903619548484366356
903477392864084019
903558089679183952
903430745182306325
903426192852545586
903512397996769290
904168094581288991
903387322752585790
903975420268015616
903600734417854505
903431044265549865
903439671483314177
903652136716480513
903450679337689089
904008734932631603
903469846988214345
903406649195245588
903462427927126016
903411776463441980
