931413275911020585
857754945394573313
943893589367345223
925733919565967371
940710049280561243
785175252585021520
931413220340690994
931413196567355432
789599115729567806
941552714616279100
941552379814359070
944375381505486878
944376120491520053
941553319783067658
944002408374222888
941549275886796861
941550382419673098
944375044627382324
941548069852426240
952967261096931418
686155124636254356
952967540861173852
943188455058472970
943188699691241523
943188707102564373
943189168471826442
943189454082953256
943191792499687505
943191981327265822
943192249221677116
943192356373561384
943192362006511697
943192365164806164
943192443657019442
943192455921152080
943192476821377095
943192506970042460
943192531007569960
943192571939790908
943192610028273726
943192661874081803
943192733227561081
943192767696367646
943192785232748594
943192847744655460
943193024115138611
943193145498292234
943193149025710190
943193163806421092
943193241988247593
943193299001430016
943193319897444382
943193324242751488
943193344648044545
943193353896476672
943193369386037318
943193401854160976
943193376369557504
943193422716633188
943193506581733386
943193526135574558
943193530917081119
943193557135654932
943193685321998406
943193708403257344
943987501008297984
943193917816442940
943193931238236231
952967227768983643
943196558491545610
943196565487640578
943196603773255710
943196618004521020
943196620038742096
943196706005217290
943196739702227024
943196758211698758
943196764767395900
943196815946297364
943196818613887077
943196824578166814
943193714967347210
943196841263116398
943196873622183957
943196881809469441
943197003507204188
943197022280888361
943196965959761930
943196844425609257
943197355665133668
943197374908600370
943197377609744395
943197425361891339
943197508216168499
943197557096587287
943197542781448212
943197591548620811
943197630677270599
943197636574474310
943197643255971880
943197612138459136
943197608262922260
943197773879197716
943197785702932500
942032523846893608
952966598166212608
952967067693379604
931287658368487475
931287423332253737
952967223973122088
931287370660204635
931413217324957736
927178880480067595
931287760579481600
931287640274255932
931287502239715349
931287564453814293
921279495204380712
926804947956285450
927177038756986890
952966632257511464
935585564793651200
931287511148408873
941551382182379551
941529628441477140
941550367160811570
940710451350736946
940710836224274483
931413266285084692
931413214879678514
944577524611035137
820873948513959946
931287399886094356
931413264892588072
942746889433018429
952967337475182643
952966956804350012
931413218570690640
944346432943554651
924658562892972062
924657919386071040
932164065751605259
944090549449818153
952966627354345532
944344721134866543
952967392793854044
931413231426224138
952967390981926943
944347738592665670
924658325528924163
924657987304427520
929772972384849990
944079860207329300
936720365827293255
944088254133727314
944099678138548234
951876205462818917
951876213583007745
944037506427535391
952967352704704592
931413300867117067
952966980535721984
940709736620392518
943879101779951696
941549316995166218
941529993631117323
941553349457748008
952966969202712646
931413209745866752
941548804161802281
941548025459933254
952967028342407208
944247889889218680
952967013142237184
940710028464246844
944578775683850291
923446958767603773
944345717827317830
688327629664682013
923447133892395068
943891676378824715
928691986444218418
928691938381672518
928692259711516724
952966769042141264
952967597522059294
931413277345472562
931413292382056499
944316905324421211
927434203753222205
944577828614189067
951878776218869780
940709918703509564
944348435438522391
944347710612459601
944348883708964966
943975508746588242
944336405792948236
927229131110895617
944341924012240946
944346027866079325
944335251952525412
944335677619843172
944331871557415005
944330139989315655
944327526195535974
944322692100788286
944340773934104619
941529500653613066
941529616105996328
943890796774572083
944344146204827778
944345223826403369
931287248568217650
944319576320114739
944343976679452773
941318664777502743
931413318135083029
903189262369968142
931413314033037323
944578750941642762
921279501051232296
931413295049605160
927431140049055764
952966771265134712
903737984308887572
952967320182083735
940710389048565820
941403733630255107
938064720148193312
916390962408869958
952967379271438407
931413313542303786
951878720010985512
931287513904070686
943986032368574494
942420774923436073
952966933827956766
931287247817412619
933342842561110036
952966799517954090
944233689812975706
925280205843628053
270904126974590976
952967372795420712
943890230958759946
940709919403941918
931287623576715305
944320550199758859
944375744648327178
941554146157396048
941553405497839646
941548301415759912
941529426011758642
951478122044350504
931413277324480543
852747562377412609
952966961090932837
951876452473778316
952966787685843074
931413217253687337
941552407710679072
941530139693555743
941546614370234369
944578108768530462
931413213575282688
931413285385961503
952967151520735252
943893031185186906
931413251168821248
876189297420668958
931287326020214814
931413274656915477
944578730494402631
944287631687180288
931413260396298270
931413311281565726
931413206331695104
951877186766385162
952967305728524368
952966859177721906
927144889194528848
944080289850851389
795751600307044372
941530101605105674
944376092020576266
941552912516132865
941553313026027540
952967027851690114
952967009258336256
952967326553219122
931287423034482749
931413248027267103
952560859387932673
951476723516596224
929279979856998461
929280853740232724
931413322786553918
940709933568122910
931413269900578896
693081412659707944
927026305923432449
927025466823553025
927026735369838643
952967410686783488
946835709841526856
953157767311548436
941553613795381258
941548804581228554
941550442440179763
943620642081751040
951876235242397696
931413209536163890
931287562285367376
925722952778022914
944376126158012466
941529744166502450
941551037343477761
941529618928775229
941551683027214347
931413233531748362
931413196827418685
951878141247369246
940710142150864897
927416290719703080
931287377278803979
943140761170477076
945540411802415114
931413316469944340
952967221288775731
940709564955910274
945540330592305192
952967201567178794
931413230906134568
931413224602091560
945545021766135838
945547705072111616
952966666332033084
932164070637969438
878673306423787530
931413254054477845
931413195996934184
896925748332494859
952966858292752395
941551574512193587
941554327850479756
931413294424653834
940710822634745936
931413196034703420
928697231094198282
925083031310585905
931413244726349864
931413294076538951
941551330361753600
941548038990733322
941548328544522241
941552557430571018
944376004858769408
943813323873464320
952967193845461012
931413244172718172
951638347166679060
931413279606190101
903192082158600192
931413274208129076
931287507142869013
931287578131460147
952967546674499675
933002566734872607
952967569583783966
952967550231257168
903736891847901214
952966822217531423
931287510296985680
952967300389142588
944280778299277372
954187030030585948
921279519682363412
922468625921740811
931287559127072779
924894569068384257
944089439733428255
944376318852747265
941548032225345567
944578996056760320
952966778584195072
940710590702293003
940710572809412698
951876283455914014
931413240393646121
944076984919679016
952967442450239528
944576324981379082
952967021849612390
931413311977836565
717359447239950387
952967538684334180
931287486389444608
927178414048280577
951066081823457311
952966682727563294
931413221150183444
955817539601068067
943928597863886918
940710827663712267
940710815294693396
940709445208539196
940710587887910942
931413279744618546
921279523989897237
931413293220909056
931287240427073556
931413289626386433
941548747639378041
944376086643490877
941551393200828446
941552627710312458
944376336842108928
805467635495862294
931287510653476914
952967126778515516
931413202233851904
943952008187084890
931413320362229840
952967369205096481
891252668394258452
931287253995630633
931413207766167603
952967582519021628
943987211953668096
952967468689801237
952967136937119744
931413269304991745
920807144973029426
932158876340613130
926804004225306675
931287383121494076
931413292772110426
952967027759407204
952967131832660018
952967042074546186
790221591505403924
951876187502833674
944104997015138314
931287274396729374
943889214288822313
951876051439607819
944578687796408320
952967233695539201
931413324766273626
952966646941777950
944375785853161482
941549808638918666
941529726093230090
944376331318198393
822217745788960809
950239980096196669
952966676780052480
931413252682973274
756092006450856046
941551032733925416
941551474767433748
610215726380351526
860568544249118730
931244287612575794
931199768384929802
931199771786510357
931199814824243210
931199818968211548
941548569998008341
931413294563065898
931413294621810728
618445924959780866
931413285864095804
929330569840590868
941549132630335500
944375662637097070
944376037410738176
931413319401734155
940709920045662308
933520077150646344
952967054779101234
884582286769651712
944250949814353920
944026183618686987
931413315538780180
942745979021574184
926808607109042196
933343268073267261
931413320207065099
931413275042803732
940709904417714207
941549797620449311
944376278625165332
944376326364745739
944376287647137853
941554362285707286
944374448432234567
931287299419934812
952967187784687677
931413257514778657
931413295762665532
952967291719544954
931413292071677962
952967410879721563
951876039494217778
944374875089412117
592374510062141466
952967215504850984
951876333586247700
940711404707667978
952966965130039316
931413231870808155
931413221389250561
931413267736322158
794302938557710336
944323428310216744
931413225935896597
939251343502233670
971666501293707274
921279626469343242
780168214717661265
952967465191755786
952966837199573083
952967474905755699
952967245158572143
931287456924450886
931413190250750033
931413266092150846
952967003315003482
931413232147660820
772277080699174943
952967582078623834
901470173825990706
931413238518796318
952967127516733500
952966677144961034
904057758050029718
942304231749218324
907312541695377468
907313037579526194
907295128132136980
907315488797900822
907307278036766720
907306996846428200
907292148360155166
907311162281058324
907315853656211456
907285836062658621
907313170337652778
907310642141204541
907294447308513290
907313463221710878
907311258368364634
907303056755019836
907317120570884176
907307450028425217
907592409330888704
907289915706982431
907289909008683029
907310595076919316
907291183305347117
907296221889187891
907297856644325446
907284781786599434
907307947896492164
907288251079991317
907293219925139537
907294202432458773
907319113909682217
907285090755805255
907310692464488489
907328095185416272
907291430031085659
907306731577671750
907302262219632691
907302883026944041
907290957563703297
907310075427823676
907289368237056081
907309238798397501
907311035231379488
907301746215383072
907316566222315562
907311224646152263
907307109757112370
907283316464578570
907302215461511169
907298047313199124
907319501291417621
907319955668738068
907330450370998302
907311673101123604
907295451521376286
907285830840750080
907288773023387658
907308190641836032
907294807389528074
907302144728793179
907318098632253571
907289346028240908
907319237046050827
907290468298158111
907286307963830282
907592530017808384
907293091512344577
907309591489024061
907292797986541598
907299996741828639
907330780592758874
907320807657730090
907321176035053660
907304545015709736
907288228825006151
907327874313367625
907289080918855700
907289784471388210
907315198325563463
907288209644474458
907318725202567198
907314442180636753
907309849694584833
907329830939394110
907314206406225920
907300234152005693
907321612494323782
907299082001870868
907327861030015047
907302020715778080
907296449715404891
907317568359006271
907306303985168464
907310535572324352
907294947366039633
907306882262269953
907329799981260810
907316549122158675
907289974179770379
952966728084750406
951879606661705729
931413287139156079
939479893475987507
944375841457049612
941552688368320523
952967546418634783
944212711745683466
952966930422190080
921279612259041301
952966932179603556
931823985480577065
907287077526335499
907306321064366090
907294447413370941
907292490615365673
907330380133191690
907310273759686686
907309883496468571
907318075702009856
907321893021941800
907303566232920095
907301764582244412
907310598067486731
907292565877977169
907330048112078848
907329621236805663
907298092443918346
907329930122109028
907331135024017469
907287698476245034
907330047218696232
907293402364776528
907319886043287552
907315772613857280
907303937508519956
907311119578824744
907299385929502761
907288858201296936
907309212378497054
907286457868230717
907284743496814632
907286305203974254
907328456570863687
907286457662705715
907288269543329835
907321900018061362
907328817574576211
907315707853828116
907288978045173770
907313869339361310
907327857620041780
907328695994318858
907291290230722570
907308336695889941
907305328436215809
907300836156272711
907299132954279976
907310364725743616
907328036658114570
907302877297512520
907313219343884300
907300902535319582
907295996306935828
907318475549200445
907293749812539423
907289254227480689
907303338192810014
907309715850162176
907331137708359683
907317676639129680
907315073360478260
907301370913230929
907302944209248306
907313125169168496
907309601786044466
907310012232249384
907308466731880488
907319406789550121
907293323595747388
907328070724223016
907296642590466189
907290793633525790
907315382124150845
925195804854091776
971666369412206622
931287517859291166
949348035752779907
869300407258738778
951876205706084422
952967443322662963
951878927666782219
943889786173804574
952967516601327717
971666370825707560
971666473590325269
931413204784021504
951878811862048768
931287732188221470
931287566194450534
927177647396642866
946361288349585458
952967297276997702
921279614733651978
923446482642825277
952966893403267132
933004591732236328
952967478735151144
952967343481434143
952967481566330891
943872039314419723
931287385805819996
943891710507896842
943892823978156052
942720612500131870
931287711409659954
952966615178309692
931413307259232287
931287505758716046
931413234907512842
931413216238641162
931287681411989565
931287560515354745
931413228733485097
952966751644176428
943141756441067582
903192273708257281
944092741426610238
943402120957296690
922218483918454804
952966629334081587
926690611237634048
926692215546339358
926692985700220929
943197781928067153
943197618111123496
943197946235727962
943197959833657384
943198082538016778
943198197659086848
943198201450754159
943198117996670986
943198353460707338
943198368761540669
943198383529656332
925275979218321428
952967041952927785
907293955765436496
907303801789235220
907286691436441610
907320808861466634
907299020114907206
943203796866199573
943203925081849867
943203932136673280
943203965103927376
943204160176791644
943203901874786405
943203910942863400
943204241802149989
943204288728010872
941554736958693467
944002170964025344
931413251777003590
931413300883910766
931413250124431391
931413239659659295
695761820253945916
952966898289614888
952967466483609610
931413254079664128
931413229681381496
904167972623495189
952967093161185372
907287874108522548
931413198798716949
952966916744560720
904617321891516497
953585173516144701
952966682790494298
750416456033763410
943891948572405800
926809389841678356
952967299575472200
931413293002809434
952967394832310322
943203164834893864
943203304308109423
943203660672950332
907284455931142144
907307230762762300
907289229653069854
907319416142823444
907298730926026834
907304648363360306
907297348558929950
907284832046952468
907293049120509992
907309082430541905
907288544425422888
907301736321015888
907321007289802864
907309202358272051
907286794888953916
907291790053347359
907309340883578960
907307731222954035
907284317854646292
907316803867394048
907285252660150292
907309721155944488
907306804978012161
907312925595828265
907305666350317599
907306864302260264
907311597796614176
907290187351072798
907313626145255505
907316168803614751
907306389163081799
907313001336553502
907308288960516167
907294205741777008
907287776154775563
907297078336700437
907329687640997928
907290344448720956
907308859872387083
907286909552840766
907318355290095670
907308465020604466
907283549642702848
907320178071732264
907315670788743169
907310230659006465
907284960023564319
907297231282003998
907309934495010816
907291286392930326
907306413485854770
907303616694607942
907286202435121183
907302431476568064
907299138067120158
907319425642954792
907309948852117555
907303591755255809
907292576246267934
907293654924800130
907317821351026699
907329376054558731
907321731163766794
907316781746647050
907317326066614302
907287534785146910
907303839424725034
907301012858093618
907301958598164521
907292641119600760
907313749147389952
907303546356129842
907321737174220912
907301430149414953
907299192093962312
907291555293986826
907304454095773696
907296400113532998
907283749228666890
907328456419868702
907306703828160573
907287006466408508
907313243947683930
907296132881842206
907312111271686284
907296579692687410
907313043501895690
907307425827274793
907318289372442635
907311316463673375
907300228082843668
907316487344259123
907311116085002361
907290462455472138
907304317957062736
931413264053706763
943202523924279307
943202530727452714
943202548700045362
943202777390276670
943202803042627635
943202860462661662
943202877982269491
943202921405874218
943202924203491338
943202929551233105
943202944189345812
943202974900060200
943203004176273490
943203102364942407
943203117946781756
943203705631699054
943203710341873694
943203717694505021
943203739207094334
940219173391437885
952967194180989011
943202410405445672
943202181308362842
