903274551587254323
903360878559240252
903261845249474611
903362280174022676
903223106729037846
903238214335213659
903375707936284682
903241030869086279
903206829109161984
903344782452072498
903333304151986186
903332157458632705
903267981935640656
903268547663372298
903267958858612797
903947927226056725
903372650712297574
903254922349400085
903276888699572246
903264574143348736
903855662314958889
903291779619647579
903285457712996352
903267900985581659
903194298454016020
903362230324719656
903251907085234188
903304269661372438
903317412030603314
903248255440269312
903378075381809182
903264613318152232
903326708604760095
903855257543639090
903853004170600459
903335696373264404
903312530666049586
903305355755401286
903840720367005768
903373324195872799
903291434453577802
903297598620856441
903353514913316947
903768519232090133
903349236077322240
903236466627465235
903329800305909791
903330080187633674
903374379344343050
903278703935639584
903271009237495828
903256139007930410
903253012254978080
903255720567377931
903305357563158588
903236963367260242
903856421798551622
903373878418620436
903806354135851060
903770250301018122
903210942718935071
903275490977124372
903361975420063764
903355519018885222
903369334469050518
903298088943358044
903781923376226394
903317908938186782
903846734290120745
903263360013963307
903318512448208907
903253420444643439
903270372777033728
903308000431837235
903210530628575264
903829494266220584
903304984077148190
903365639106875392
903326323810910224
903328424892981319
903322628561977385
903219084831895553
903258918418018334
903331963358810123
903373779177189387
903826057285754921
903820803408265216
903270152454422539
903797217003974656
903275160767979580
903263168242024458
903312427779780609
962849199416811571
903351515140476958
903235857547399208
903242340062359583
903349252279894096
903287071236558889
903332442335740004
903311036097118279
903325391706554379
903360614561349663
903354786043277333
903358262655737886
903344854132752404
903299475429285938
