903436560052125797
903979562705223702
903419251547844678
903403242774483015
903480094289449010
903451383842365441
903461242998493265
903649395013214219
903498377394782208
903424152269123626
903480165324181574
903476601700884511
903406150769328188
903468673732321352
903649237290614804
903558826681323541
904143198996279376
903566878578982912
903633847504211988
903587788451106836
903488667660746752
904174605466480660
903470772281024602
903429014146924594
903655885417619496
903423415887724564
903655917600530513
903468973964804097
903648656194932766
903404617688293376
903484477760757770
903442519357009981
903472715942465597
903639745811341323
903516405176078336
903417046627414016
903403742072799262
903585537510768680
903478633396572230
903468564927881297
903442431310184519
903463486158426142
903560853473853450
904115026598699019
903466481533190164
903442362192261130
903463746419171408
903458296990691348
903471838636703755
904165364571729992
904074526734835733
903385564701671484
903459469722271766
903595733452718080
903383231871717438
903518362322219058
904184464249331762
904195904104439860
903448441991069696
904159599102406667
904137415525011496
903448684816134165
903448769306173502
903436910117134336
903605981047578716
903619223052492800
903430468429549639
903494026660048906
903421186971697252
904179907926589450
903478234727993394
903463624171999273
904159139436052551
903441919940657172
903994221571227658
903419046886776872
903645295181725786
903486402833055744
903605710129086464
903547678024167424
904128311200972811
903474452849885224
903998897075154964
903591992896946227
903596139465539614
904066790462718025
903430745182306325
903558089679183952
903619548484366356
903477392864084019
903426192852545586
903512397996769290
904168094581288991
903387322752585790
903975420268015616
903600734417854505
903439671483314177
903431044265549865
903450679337689089
903652136716480513
904008734932631603
903406649195245588
903411776463441980
903469846988214345
903462427927126016
903408388375977995
903405713638961152
903423331041157170
903470278816964670
904195222567813121
904114509436813384
903417244401434704
903515035383504916
903584839578554439
903460567782654023
903405451817939016
903415889041440769
903464512240357376
904161742861525032
903964925439918100
904089717556002826
903472127058001931
903517899480780811
903478359575642163
903407657610772511
904136664610406441
903462674870976563
903664820061102100
903426156961869844
903973830630989854
903453030693863464
903470678844538940
903435949495689276
903434945110888489
903410119692402698
903443438240948274
904113147311427624
903462296272142407
903415151447932928
904060631165067314
904050581335838760
903451463441846292
903442620427173960
903437975147397180
903429280925618206
903453540402491403
903459118902292521
903444611660406824
903457006298480711
903562645737730069
903641637329207316
903560961326211072
904135319543234571
903406925528567839
904066578063179868
903462139359002644
903444480521281586
903396278132674660
903450120769638450
903482014915764255
904152240460283964
903461882881540137
903596349382098955
903483520889008159
903600927129341993
903416900510449704
903410346897833985
903386245789544499
971667284626137088
903489557859807244
903400560433193020
903419731443347456
903463187515605002
903467544441147414
903512791447650334
904155682666872852
904128330289254411
903447240440426566
903603209690562610
903414769678172180
904134315250704435
903600835353796639
904102047111081994
903396702050992129
903401715527725076
903496030438436915
904076659739738202
904184871809871922
903405586199228477
904115912939024404
903395993817583637
904184171365298246
903588795813871626
903588405236080670
903414315401486437
903567921496866827
903438067568881744
903408208499073104
903983715301089321
903379368288604182
903401285791920139
903446006547484752
903650638641119242
904165579710140417
903968485800046622
903473369100480552
903463637337903154
903425951206101024
903410292778741790
904076728840912946
903395346598756433
903447650681106502
903400459669233674
903462518473752616
903481632177127516
903493290786172928
903422823211614218
903477703095775242
903547050648539156
904079605596586054
903545585448124417
903412257634021427
903589825016385576
904081917085896744
903561461283045376
903403863489527808
903396467450978415
904104721269276682
903466928671191090
903425491933995080
903448139644665956
903486721579155467
903971250458726411
903513839646171157
903515958742745128
903461941379485737
903449945825247323
971667295942344724
903593841423163412
903654319637803018
904117331003834409
903436838784602122
903458719382265888
903420156913528872
903472864278224936
903401310722850846
903475889961050142
903464128805502987
903386606365474826
903407602984169482
903513430961586247
904082590829539358
903464694814224385
903456997465284648
903480448695562250
904140440352227398
903649874111778869
903594985788670012
903471710270001223
903456911393959966
903478876636872764
904193654078455829
903986492106502144
903397344228306954
904155974934347777
903504877265752105
903401491518337074
904126258596675615
903388278428925962
903488031489663027
903467255638134895
904163296494633000
903423073498304604
903397566073434184
903635720978186310
903468618203942943
903460923505778718
903645548098228234
903469197487640596
903421190587166821
903567978161930270
903401944159227985
904005356370415667
904136233377202176
903541022649356309
903985575110000722
903651952603303966
903424276936405083
903547130625556491
903439746544590878
903389826496225371
903457308678434847
903479250768773160
903426785549627393
904134728561598505
903430406819442748
903590789874069544
903419438479597678
903471926436065351
903413610540318750
903457689500266556
903437075200765972
903560269630955540
903485880956768256
903410908087328868
904191527536959498
904168244024324136
903405969466327080
904030265242968194
903443288974045254
903431006047076383
903631169155919882
903449794066919434
903400519530336287
904184566556815381
904176274652692531
903464246376009739
903383957574418512
903467270859259916
903437241714614294
903466449052532736
904122781774512208
903465435977109516
903580995331170344
903422489214980137
903968204882325514
903962576629686282
903478656452685885
903595674124320788
903400568985366578
903459146853146634
904027726023888937
903593284847423499
904171858415456266
903644300947099709
903381429663170621
903561719408889937
903471898472611861
903425841306927114
903402742473715712
903472712763203584
904124117291262043
903660095257337916
904190876375465994
903436284725448754
903425514616807474
903388901564117034
971667351659495435
903600084309123113
903641213964525589
903427286211112980
904153081334358016
903403359028011118
903459100732555344
904105849860022272
904033358076608613
903655613849034873
903458500703830056
903439500590583818
903630141060677733
904035788772237382
903377138663714867
904056214583926794
903448527676526623
903471156378603550
904059923674046543
903601078292074496
903474929125716028
903514857503068180
904161114147921930
903445837164732468
903509610407804968
903442333150879744
903470051171119164
903429011244462082
903442022914994206
903419702888509480
903482548007628870
903987007854878741
903980221210968144
904186616321544233
904084802267914240
903385604715323454
903477937192443974
903548978988204042
903459748488310824
903428553926922340
903429430930714654
903458057823072289
904168891712933888
903559623523569715
904084704439971842
903398357853143130
903464739114471564
903466342479462451
903436824410730537
903468982596669462
903434694434123806
903458010725236766
903404407536877580
903966384436965398
903406315613847572
903429388249493534
903450190105698364
903403570697760778
903574239184056350
903583913430118440
903655969987362816
903402044210159627
903517308356558868
903438254362202193
904106910574325830
903465219450343454
903659401615925328
904082190441263144
903429261510205540
903990071240323105
903593254900101142
903463454566920223
904013091715551253
903468311805820929
904091696181170196
903422706190549025
903476458058579978
903387670200336424
903423073489940550
903441080870121514
903475478218829844
903454900015464498
904139335757078538
903380743122739210
903461065730441267
903446737593708594
903423573794914345
903440911189561355
903473580287868929
903428308300075059
903518618757791745
903660835505856552
903449810550546514
903469058471632937
903429004479070208
903425169522057236
904125772191641650
903447826351132692
903498477894533170
903461953396179014
903458587198750800
903410239112609843
904053995826450454
903596597902995456
904170306963386389
903381811856564224
904167606305554463
903411696067051581
903479299842113548
903455845050896404
903421529944105050
903419428467785788
903513945938198569
904150090967568418
903395953573244948
904105878112829502
903407493881942047
903568075775938650
903657639597199442
903462344561143829
903651483311030372
903406052534530079
903510204283506688
904131904440254485
904187401138757672
904149931357532160
903478499489218561
903452105816305684
903396605078667334
903416037754667039
903382708040912907
903463169526231090
903462731804459049
903445004314374194
903435219888111636
903421214855397396
903652075173474334
903459909855756308
903431338697326672
904083808788287569
903585816939470888
903479186797264897
903465562590556161
903393074967879720
903436213594238997
903404273868623943
903597623171227659
903441890861535302
903383550840152116
903377921035616287
903419315729084467
903409733673816115
903480311558590545
903508555800399893
903414887080951809
903974418663997442
904033834134286356
903461851340365864
903601040111304745
903644677570449480
903446212903055431
903596221111873597
903600527718363216
903464776754159617
903576632156127232
903421088225177680
903598020879323217
903538882732249179
904108539411320862
903380563916906558
903409106914779138
903965457705500682
903469763861286932
903987930425598003
904193131765956658
903424200981745736
903437973520003123
903409341560918028
903472172775911475
903405509493809212
903439281001988177
903446005968670740
903474707104403527
903449428025827338
903393833625198694
903483962561794129
903455243151482903
903591240552042517
903432846818050128
903644056607936522
903550684312522752
903431919075733505
903476316354011196
903436559964078120
903440282576629760
904197902803562497
904185651002490911
903999955260293181
904080204891291748
903470656816025651
903452860124119072
903404889433051196
903417743716515851
903438912591102002
903651861909893140
903514827857739788
903431086548324352
903483203199832125
903504346711482448
903471212183830559
903432265948856361
903446647948849223
903457580054118402
903601477006786610
903465492667330591
903464887068545024
903482844507148308
903416813315031141
903559163861430272
904102850605482076
903450127962877963
903594695974866944
903645066319507526
903412702003732511
903466974917574666
903557989322084372
903443891653582899
903428497215741983
903446112306876457
903645613290291200
904040420781203516
903459035372740621
903499179345739836
903422783743225856
903402825311199272
903620429204303943
903412271873654854
903461391271362620
903429252173660181
903497553654448160
903416566077595668
903406834449256468
903433743224672256
903595338936487987
903451875112792084
903432971091050506
903441189020270623
903601736818757673
903438980098424862
904092754680905739
903455343789613137
903387840644259900
903977991820963900
903465442721558589
903452169452257280
903467581346828288
904159104799481906
903603972579938334
903443703656480820
903464998209224784
904085360248782868
903464170547191850
903578067346268171
903568321457291264
903456622213476362
903452795577970698
903413980511473685
903449844037849159
903452758223515658
904029380471296010
903390561438928936
903468159468699668
903531819352342539
903652219637874688
903447758235631626
903491305232019496
903988090304069663
903448284796964926
904154448786518087
903434706341732422
903594907908849674
903520645441277982
904180776663392267
904078683281698878
903992611075919872
903599393498890251
903382294205722625
903445930227937380
903408647634309131
903651347289747576
903443450622533673
903453131973750835
904007184113885234
903980070115373084
903463276673921106
903414857712406608
903449544690380800
904072204113817670
903432918242852864
904081219099185182
903665296185888808
903593444272906251
903439949104283648
904046897751277669
903466438109593611
903460738511818802
903404616467763232
903454909838553098
904027317087662101
903558918398148609
903404162128179281
903420069139345429
903437322282995722
903972326998163456
903378631026425917
903995637882839061
903432801746051103
903405209429106750
903387474611556432
903387900572499968
903389859257913394
903384820846059520
903460968913313864
903381301770477598
903392752044232734
903453487340331049
903439604336713758
903592762673332234
903587930264723476
903389159744471173
903624719205543997
903460165402116097
904172942399778907
903413478310699018
903592008399069264
904196022467690507
904093723812569098
904139727131770891
904000958885920778
903543416338677822
903980283563503656
903641129491243058
903465058120650812
903460406952075265
903434075380002816
904197357967659079
903602336436477982
903404682406404127
903468230335660072
903423527053561907
904054833915494441
903994949043908639
904163856337735691
903601047552028712
903412354052657152
903425066564476948
903392233452093462
903477842392789053
904157911624876033
903421825281830945
903404553955856455
903640188423655465
903408786386067476
903460143478493206
903457391033593887
904148719992205352
903425846616936490
903413058871889940
903420112944652328
903468257367957526
903584613203587112
903417893864235030
904134026787434496
903448170225340416
903472454880612434
903464028557418536
903657056144338996
903518999848034304
903458984961376317
903392638588293150
903480008327184432
903480691717726208
903427200852832307
903545686094667786
903437267346018304
904055917459419256
903435497848836168
903476669011075072
903424797751541770
904045162555133963
904044819201028166
903458755621044255
903404178024570881
903395418052911134
903641504181006337
903464521593659443
903465857311731722
904011939204706304
903483958107459615
903640303423082526
903474728956723261
904166339353141258
903468544409350194
903436521481310239
903395001529139280
904175086007885825
903594690035736616
904168948596113460
903437133803569164
903584572330102825
903648983849762898
903511630380400701
903633160846327898
904183994499862608
904067546133717012
903589857866170378
903991593344843776
903592700035600388
903559364894416896
904163416770502666
903546033936670740
903434675035463761
903635054301954049
903659387741143090
903468408941731850
903394247565250590
903428506556465162
904085750906224691
903484271715577907
903580770789122049
903469035033878599
903643270956060682
903401778962391060
903622585974153238
903437477631639552
904053227450933249
903428490077024266
904093891823800382
903481578733314098
903628072400592936
903582919224852480
903463455397380146
903456629004054528
903400250125996102
903467856015007744
904038572439531550
903400905431449620
903442083891777606
903477279768842282
903443020093980692
903479087157358593
903460585432285204
903985224357138462
904114805793779723
903652360918810705
903583153157988352
903596066644049981
903421647262998569
903408500267421736
904051925396385863
903466302616780833
903399254003961896
903439008657445004
903601036151889951
903475366373494844
903379220611334155
903416891748532294
904003887600656414
903380450184159284
903558347461132308
903658457339658241
903395941212635186
904136807065714749
903442163281563700
903438286872260608
904026627678281748
904005201504116797
903413167093334056
903446337666826330
903463401521545297
903597535363481640
903545672513490994
903643460681236540
903441208536350721
903444645713940511
903650232812855306
904010975844380683
903493576443449366
903461885943373865
903594634553462854
903454034999005185
903480644372402206
903449633714487326
904168912441208892
903626829053693984
904102402280521808
903439802475618364
903413263079981088
903404266658623528
904054348328357908
904033566659338261
903465768480542772
903435663385440276
903431875404627998
903484160637800498
904011932338634773
903597578963255338
903380888920948807
903467585587261470
903446825493737503
903404585861926963
903569145558355998
903594691784757289
903965282127720449
903395665919500329
904169016896159797
904155611187527780
904180990321238096
903402738396827748
903600315327189093
903463798340456529
903385657131552780
903560958797049896
903461625560965120
903477056455721000
903424091661426748
903968155649605722
903473079827710032
903480220537978892
903500607174893628
903546825250844723
903465216656937050
903449420954214470
903429032870285333
904120491839750184
903477913595293728
903389520706277418
903381222577811467
903443939544145961
903403562971844639
904157485303205948
903462787387371573
904058350940065812
903585072156925972
904191714942664764
903418649543589948
904082252554723439
903476407462686730
903411000672403498
903461688228061195
903396366515060806
903459585636040716
904193123054411826
903592132156223538
903456122835447808
903435910950027284
903442783266832384
903498304669761556
903507320657571850
903469184028123149
903387781076779008
903454891245203476
904056933957394482
903467982548787231
903436894266867792
903589096184762368
903448342858702920
903388649398358077
903400807746125924
903447865198772274
903443230899728456
903429753120383047
903470980448538645
903993405410000927
903422781197271040
903459552622698536
903379334197313567
903601013695590432
903465967890337822
903980314714595338
903515208046215198
903456967874465893
903400189140811786
903495390869991434
903655335166869585
903428933163290705
903430121619357706
903620961297924138
903506397642256426
904122745917440030
903397406006202410
903421485933264906
904171036721950741
904188879534428240
903426909659099176
903445544901443606
903378515385274368
903521893750046731
903443893675245569
903424321207300096
904196571447582772
903455700464861184
903386275166421012
903443136532070457
903403017217388606
971667251138822144
903389255731122229
903416338423382046
903416635518509057
904114267953971270
903414184396611616
903431283076648970
903580289417248771
904146730906447873
903400416673411112
903436627962126387
903385636579471421
903437630388203532
903435649263218708
903519991125663774
903642792918650964
904072210589814927
903438427805089822
903445594612310026
903388485652713562
903440129413230694
903405890273685514
903467913216933932
903431340723163157
903471990730530817
903438745943048272
903480307888574465
903464354375163914
903594434451623936
903449155970695178
903498602586996737
903479295396175893
904103733053517895
904082765413244948
903596846528725013
904193886195433515
903455581547950132
903446474438877194
903482920801542214
903570511131467847
903408236802228326
903466103899062364
903479994636959746
903445308548214784
904034038950535230
904169120264757290
903441267114004512
903568886258085919
903598700801175562
904177035247775745
903460233320484864
903454199759638549
903383443713425419
903435584285052989
903482707454083103
903470316477616130
903392884416454696
903416007761203211
903391509288718386
903472614331260950
903432092535390248
904105064292036618
903407411753275392
903430389245300736
903481189657112597
903629444835586119
903432484161732638
903400928907001867
903999490858573834
904192864190353428
903441796569370704
903434994024865833
903483751047241729
903659782320304188
903602906492723210
903435662055849994
904037424383000677
904138117232099370
903434810322722857
903475009761202226
903651601149992960
903415353131012169
903667955794079794
903467639102373930
903454190054035496
903546435985895434
903417310340063292
903449403417853952
903471569635004437
903444790576812064
903448692562997330
903411818536529940
903376018205708339
903400038938603592
903414692406513694
903565515866394626
903443351221702727
903437866200350760
903418168368840754
904177718579568700
903476842969845761
903476991200723005
904143153844584479
903985239624409129
903594379938246726
904076005419925514
904185160818368512
903427639245680650
904158446406991874
903380420798853141
903517919294652417
903470472581222400
903378578203357186
903515809501044746
904060996669300786
903393578963828767
903449680875241493
903436386491854900
903460249590173726
904185721005424700
903644493381795910
903380450788139098
903593513990627339
904186676996341780
903440849143210034
903495876788486214
903460495934251008
903594535936999484
903450364718755850
903431420020682814
903468350284374087
903436198079508490
903645214269390850
903444487332827177
903467174746796114
903383413057278015
904090463869472788
903439056355078164
903468135179518043
904196650350829618
903493277074980915
903985221190422600
903431334465241129
904086874967113809
903420916661375057
904022374805037076
904004594785484920
903421597346574337
903558225201356800
903376412252196884
903455939473080330
903588555195039765
903450062003249193
903978580344717313
903409617034420244
903399118339207279
903436184762609724
903423445541482517
903581237296365610
903456926107586610
903468513056919593
903459336024653884
904068432616632350
903600028994641961
903401632824426507
903599783107760229
903451434476003328
903454511094439946
903476049256517633
903478470439501864
903422449251647529
904192480872914985
903558195878957098
903579395116134401
903981534728556606
903478913831956533
903442464608776202
903452437057265695
903447138632097863
903397695446736957
903411030691053649
903593129645592636
903419731288158208
903419707368018010
903442321897570304
903468649963196447
904064967194583040
903599568330039356
904044965255057489
903548026348523590
904040964333645924
903597410842992651
903463883535159360
903442699930194010
903658689410514964
903440747045457930
903415156132941896
903668881883795486
903469346830053376
903596649169956934
903587904834646057
904127647590793256
903437982114131999
903457033834094613
903468234311872522
904116889519783966
903464977275420724
903445130726486067
903401692010283029
903381797864374312
903434868350939148
903431015714926612
903993116061728818
903493314681131078
903384898205798401
903482007290523690
903403133437378601
903454797527654400
903469341780103199
903465119479119893
903517950915518534
903424135097614389
904049030609371216
903993505758732289
903643920586670161
904086486423597056
903633341595652126
903470417342242836
904079139995258930
903421475694997554
903579524866920468
903464032290365561
903422801300553758
903428593416273940
903452320740827179
903590594817974272
903463368755650590
903441927339384873
903467974915129354
904055010718011402
903394581440258059
903462904454590484
903657994741510184
903448557338624030
903385691407401010
903411560733618207
903399483356893214
903421125617405962
903657076188938290
903406180674732075
904138284396081242
903438621040844812
903582299084427265
903443479454183474
903474978152910901
903480354680213556
903520835715866624
904079907712286730
903600296800952370
903393179930361866
903463117114208287
903466349974679562
903418296622280734
904162447571697684
903434198411526194
903388072694149162
903549121259008010
904128875502645320
903413897585885195
904020769112203305
904087256363597864
904162459433205851
903477599408373811
903634721395855382
904103612563718164
903481421132365834
903990830468038677
903453016148041770
903511214783623188
904152711157653576
904117169560907789
903438709741998120
904126707726970900
904123262508867604
903424661335978036
903516523044433930
903460310197895218
904067273961132042
903439803478081579
903601638713995264
903387803444973628
903433502295470090
903475305346371626
903980770044026941
903425721240784908
903410795990372384
904007673723383818
904178856183885885
904064902581334086
903467062188453930
903438597347233802
903415020833087509
903460380087566397
903549825956589569
903645908850327643
903434426090926100
903481031263412276
903469240261152808
904163149098414080
903466880960979004
903400870006386738
903408558773788692
903985126470479873
903401243261665331
903378501850255380
903472863141580810
904012799561318451
904123362572378132
904192904275308585
903467732673134594
903476114582814751
903419591580078130
903483501645553684
903412022039941131
903482836856733726
903600319722815558
904090791478186045
903588151229034506
904029534515507252
903655017062469732
903388616934453308
903453590994178060
903450453105328159
903466169690886174
903468176099143680
903380572435533844
903649532695445566
903642642057936897
903457969247764573
903396914819649566
903591111963058199
903472218678390784
903460677170110475
903407954282283008
903596397801115698
903599755647660043
904165081254854737
903482175826059274
903466354798104686
903459141547339849
903389933442584608
903440442568376413
903444344919445585
903384044010623056
903398727723659304
903470768330002543
903482939562668032
903601587744829480
903636751116009524
903428946580873317
903404363001778189
903425564134752346
903462989062103051
903652330489143326
903486698015588384
903499005164650517
904162263273979925
904102858436251678
903411492832026685
903648623328387143
903456594333958165
903484496534458369
903423438495043614
903405127287840819
904157666564276265
903400733406277632
904124058147381268
903581395706847252
903437718267244584
903492010495844372
903460409619673209
903438459212029982
904063333219590258
903381562417106985
903430316008562798
903475017529053194
904062182684237904
903415221958377494
903470461088825364
903622424711528519
903587689712975883
903436790151647273
904093535693840444
903379260352376952
903472602264244225
903424985949949962
903398742894465064
903412852730241024
903417588275634227
903412334867935274
903445742302138408
903665387428794409
903654272179240991
903458095303385179
904100065344360548
904003411899465770
904123636754038824
904002313830694945
904075287103422464
903569742953087039
904164816787230720
904041975664242688
903416514219237438
903611581630386176
903634042879111269
903651288640806962
903463882079731793
903596986475905094
903972442521866240
903616952570875975
903428663394050078
904105489615429643
903485933662400522
903383555101585459
903477444302999674
903415863548461107
903463444437676132
903434968443785238
903457335165456415
903496787711623230
903561423190384670
904139663898443786
904162610201636907
903408213238616144
903459099272962079
904169866926391326
903568717038911548
903428253098864700
904015214733824001
903381778746728458
903467869726187521
903392793915957339
903464136455888927
903440455721713685
903453891524436080
903479943613272114
903971165628936203
903462383471702026
903460466498613279
903453513638641705
903435118172045362
904116155600478278
903445172149420042
903602194459262986
903412782635040840
903459048379273306
903468076949962754
903446738453528576
971667296328237096
903668198505840700
903475808092446770
903419698782289930
903637490009792544
903427520857243688
903428588576059443
903465617414291498
903392374250672148
903389904053100605
903964229743312978
903413552352739368
903454657500815440
904193181296500746
903654255108427856
904186651494993920
903410347145326632
904010890335125575
903461980164227102
903644506530914355
903388711100772392
903485905317269564
903591196134371328
903650805909979207
904159709609750538
904071687652397146
903455460491927592
903560604952981504
903408679397777489
903413697219797043
903457719502139432
904163458948431903
903384260730318898
903402995658670143
903407097855770625
903601012718333962
903390032197472266
903520207241351168
904152294680043552
904109324782141450
903428977346117682
903397427397165107
904117861369401455
903470787493781614
903473713729650708
903441917143040120
903469861353697350
904126884814667807
903485897897549836
903641892128964659
903447754003591198
903465337306120263
903654191552139284
903391827321823284
903470073090560092
903544825922584617
903459735343345705
903484350140649563
903498382033702922
904190924815474739
903440401376116756
903513678991736892
903661613402443856
903972715600433162
903469979318497361
903641904200167514
903649990537252925
903380910660018216
903468766338367488
903426336851394602
904095016383823963
903468090203987990
903467934826000389
903658311214309426
903407363988545566
903461439686201384
903466727445241866
903465396911374456
903454384464224316
903562333463412787
903464216776826920
903649560256200704
903461126925320212
903659794651570226
903998479217606656
903426126058233866
903400397849387050
903629378578161725
903470788097740882
904187059730796546
904121202400964668
904121856943087637
903381434335658005
903409396128833577
903647681736478730
903470014437400597
903394222676258826
903418399810543637
903476685159170049
903583187203153921
903435809586290759
903992398135300127
903449940708192266
903471916814327819
903435860719046666
903592107892174959
903452329196548096
903658041323429939
903590597305172039
903594040652611595
903425606186836019
903384822091767829
903645460907065394
903405706869366815
903413884638076991
904090152106868766
903600314169585674
903599287282302986
903513132654288896
903478691525443614
903458958755397672
903431070089875468
903604330802839603
904120498684854284
904067159695708190
903467890949357670
903479789002825788
904173711110848564
903450716440510465
903469126528413696
903559326273249320
903561427204325448
903479847463039056
903421795401613382
903487948656353311
903584676134944808
904123923208224788
903599666325749810
903440158710448218
903460604403154946
903453707834904597
903560300387782667
903469758870081536
903665926434611200
903660650755145738
903427214459170817
903983719759622224
904060203958419486
903988836424613919
903472615446937631
903395177316642887
903574778152108122
903473480429871104
903465805847597066
903664452665245779
903481016717541427
903443707724955728
903464567089266748
903385554975096932
904160031447056425
903594642581385256
904141500571586630
903583848800088094
904187292833447956
903985813820420106
903476920119853106
903597465910009876
903499027973300256
903442646817710190
903967672205709312
904024351148494848
903428840259452968
903463824399671317
903452959667552256
903480141504741377
903416285847760896
903965650702184458
903427796993441904
903418248677167136
903441954757546064
903460642919432212
903424669179334697
903468149305921536
903468371549511690
903417419882717214
903438236175695893
903387059530649674
903429211291803688
903593332704432149
903458420307402763
903402435698122763
903653760285438003
904179152633077770
903469098648883251
903418981313036359
903426393218633768
903394348903854080
903665148647079937
903964681050402816
903501178330034176
903445702993149952
903441081373442128
903391228161327154
904067585627279430
903404671081791519
903462005082579036
903602608122495018
903547740909350912
903453136147071026
903442855463354418
903438518548844554
903648610414133268
903423345691869225
903641752618016829
903962791575158784
903434903465631825
903459887298773034
903447885813784606
903396627165876224
903444134751260712
903599746705424395
903431952625967164
903644298136920096
903599623321563216
903663751713128479
903411143610101802
903414880206458950
903411821388632115
903469015505186876
903441510131961858
903468348552126474
903430866779381761
903593228522094613
903450993549787136
904118633368784977
903428022609256478
903478567223046195
904162699297038366
903427017196830780
903600453617602613
903403718093983784
904029198828568599
903452113093402674
903483598009683999
903507608114171925
903471430358925364
903580060110422036
903464331944013865
903485135163359324
903970583392440381
903420412686368800
903444822831034389
903446945434054696
903476222145749103
903437377438101505
904085770942443580
903475294382456932
903465758154195074
903638213564985424
904006331441233990
903449347671351317
903455014327033916
903563182881275945
904047671000596491
903448206640287785
903466151424708708
903382378653831269
903442925382434897
903461635639902230
903647560286212146
903386452178653234
903451160839606303
903411639162921000
903411473089462282
903462726175686666
903455361787375698
903404276137750579
903389378582298645
903449043638820924
904063862221967430
904112689436037140
971667084645892116
904122987043774515
903603963889348618
903461929949986826
904071698515640350
903626311740825742
904129090515263499
903484437818376283
904174461761257492
903407886795964496
903600245462667294
904161096749944852
903517888751755295
903391496873598987
903462684345921627
903467109957402657
903648986550919250
903559423157469194
904130476804046888
903447672952860783
903461427795349536
904169633962143784
903563045819797515
903450699017371649
903437638034403390
903402034236100639
904106855171751997
903469961064886313
904034950154698833
903496644073492501
903446968666325022
903616732931981382
903580324729085993
903473101008932915
903437219400925225
903437772466057259
903483704171712563
903434809429352490
904183120230748191
903608484656984134
903412149865562112
903467560165576704
904169579738169384
903466695681789992
903646604899262535
903412887245160498
903468574625107989
903479398483759204
903394582874697788
903981064534523935
903970429679591434
903462402694209566
903454674731012158
903651108411564102
904118241234911282
903405202084888596
903667871987687444
904073177649537126
903517980720267274
904173134956081193
903469673310486528
903456816682385428
903587852699435018
903490255838134292
903452314914926602
903475163943804939
903414654393544755
903548202769342526
904075102784733184
903659785356967987
903648314430484550
903464716653969419
903441049526100019
903463139583082577
903514680440524870
903418873204834385
903471901719007283
904185254674309141
903592557441871933
903444715091918849
903444929089507410
903442778292355093
903491559322951710
903447776539586592
904037149152792587
904045901503406100
903401854749261825
904016058254503946
903465078140055603
903393307617550347
903438042679877682
903471185000550450
903492077931884577
904084634353143868
903980920665681920
903409727806009364
903468794805108797
903465785056432128
903448408252112936
903534511269232641
903562436299354122
904068272884973639
903592989509693460
904154212949188648
903471459593252874
903430298363105301
903480722927550557
903435379884064788
903412524341407815
903601074840154133
903465600288981074
904035947677638716
903476441935675402
903591219588902963
903432863054172170
903656164208816168
903446186160181248
903479182233849906
904109099963256864
903421308786860103
903538216215392278
903382875485929493
904019681965379624
903449950036307979
903656982706290749
903473307196735499
904014921572966511
903967001310027807
904031548481867847
903464002502393916
903431023197560893
903627212215971900
903533815048323082
903595319697223710
903396984810008576
903442320106594384
903479326857650268
903445241284149269
903985343357915167
903503629783277568
903463388129144842
903467761689321533
903473266277097534
903411267056844830
904192582811254845
903595409614725121
903466467322916926
903413844146278452
903449877537751060
903476841661210734
903431529697529876
903479945131597895
903496098738487357
903411781991555102
903398379340574720
904159444508737546
903416764338151435
904142498715275304
903656304940302356
903435768343699456
903397607731245056
903431370691465266
903466351308472371
903663801646329896
904074628069212210
903386380749647882
903379726381494285
903434909119570052
903598981970530315
903601038228074506
904027685783760896
903454018074980363
903468576390926357
904014326115991622
903434294570139700
904170964386988113
903450445006114917
903516408187613225
903464652451754005
903659683171168259
903517932498354176
903632871678435338
903596856230182913
903475265752162364
904008301195440139
903411845807890463
903434998286266418
904179976146944010
903437320739500112
903644724030750761
903584073904177172
971667132842659901
903411507382059040
903498635197689907
903464548097478656
903431821277163530
903408749681709157
903438255150739477
903459695040274472
903413206335234059
903427087598243860
903444590697263174
903415151183659018
903387526524448799
903463745525801020
903415347380629534
903514529151975435
903578729970798612
904110336884490241
903472004169072671
903432515988107314
903440248661504030
903403991709392937
903435756125683712
904082383677046825
904120480506724363
903591849925681223
903494201537339393
903643132711813190
903440201286811679
903630618003394561
903384182678499398
903375920495206450
903405613143437315
903655277440688139
903424910175633428
904193236803932210
903418060176785459
904109331673403403
903560895605637121
903394132867821649
903450645833601084
903425086885871627
904151226831228978
903456765230854175
903477798889480203
903464019548061727
904066580542017577
903465339747176508
903983136692641793
903412269990424597
903406160206499891
904033473008906280
903969274668924950
903513326007517205
903578263077679124
903435820407607336
903378672227070024
903447445101498409
903665272869748746
904121914476335127
903429864537882664
903429684723851274
903424039224221776
903379386449944577
904103374968999957
903451457989246977
903403712184205383
903422674905214996
903657276362068118
904080035474976779
903405804961562635
904084190583222342
903455491924066304
904002551198937098
903482138421239818
904172434637344860
903391250072371230
903453934130188328
904162594145833052
903434592051163188
903413991483797545
904058152805359646
903635126452355123
904118686128934923
903468639301300265
903429757687959552
903423255082303579
904181296304128120
903492854838607893
903427443245846558
903380808948129832
903482325206171668
903425977173041203
903638907424505866
903973803590287391
904141743568617472
903469103992434748
904201258007678976
903437929635004477
903462885253054464
903465818816405515
903496430637940766
903440367955894282
903441095420170280
903413138374926397
903468260790534185
903472833173274654
903558898487820358
903459843279577089
903603141591842816
903425367493214358
903439438565216316
903657122959618069
903509762690383902
903466254050930769
903646444207112233
903463069726953552
903551286551650356
903619600099459072
903461147464859659
903450538937565224
904128876484112444
903569470671450132
903454421529296926
904147444785360938
903444234873491467
904186726812094465
903443100960161853
903601795933282325
903412982627852309
903642802326487090
903464029811539981
903420016844734485
903471363283615786
903481849806979073
904092270159089675
903464902226759690
904036979044393000
903655452389306441
903382959598493698
903461372099194892
903413580769148928
904061814017519666
904071167432863775
903478669287243837
903402033695043734
903433063747452949
903967146038661170
903385158621757461
903457414148419646
903438040079413318
903599063507812383
903643797546758185
903454660482981979
903585822274637855
903396991378276412
903455435552600065
903993513811795969
903433225844691005
903425172999127122
903436620508839959
903427606249103400
904116840010231870
903425816891904030
903382844204789841
904189021356425237
903386652095955035
903995365563453450
904130441139855370
903396698762661958
904080056618475610
903420434618409013
903456047304421416
903466276993773628
903977599234097203
903430133564735539
903411879043530832
904124018532184144
903462331760128051
903406048944226325
904081648604291212
903404305988599839
903413865784680551
903424898372882442
904189491957354526
903512406972579860
903389878664978432
903385667839598663
904016821307445280
903559153723785246
903971816358412308
904166820662112326
903982293675302913
904185554751602689
903474735495659560
903478152133763082
903401311024869426
903410164105891892
903449113314603038
903453486988025856
903538122485276683
903594787419066438
904089974574551071
903595513021079574
903446429702438942
904127611997941790
903429960767774811
903394315672358944
904138990477770812
903429792022536212
903559535858421770
903448934595305595
904147361901715477
903474263292522607
903971925213208586
903466556619636747
903384275062226976
903473978574794772
903433957352300625
903461260719443998
903412976655142942
903413128493150269
903433830084522024
903482803335884881
903458275419357234
903391400895336449
904073495124783134
903420419384684554
903422993844305951
903453480314871809
903594749347373077
904181861859852288
903418296550957086
904165781351333958
903462153397370912
903979342458155008
903478208404525068
904012624440750131
903408183438102558
903418061477015564
904161294507196426
903468680908775484
903642080520306760
903440209012723742
904017418236600331
904185865327226911
903587698827223061
903544544979718174
904188128829534219
903402723922305055
903595258284224525
903563225054986260
903980330397093919
904123947904290836
903474910914023424
903585907314151464
904075167528005743
903456214841704459
903462687642624001
903462064121602070
904161889053966357
946361288349585458
903387008800538624
903386787966226554
903463231916503052
904192136524726303
903473519185240075
903408310584246293
904163701152698399
903567607372869643
903643817234808903
903431688925892718
904148677524852776
903404032960397312
903448193767997490
903478764502142986
903456217970655243
903645654830690395
903451657579397150
903435734554390610
903466017903235122
903420777238528080
903381178231431208
904198811440799755
903402754620411945
903383849818537984
903503761840963645
903592870206930976
903982072299933716
903409059187798106
903471503063019531
904024888623390801
903496627459870760
903431011885543484
903451333930147930
903558851650023485
903596896831012864
904066839259250708
903448198004228106
903388474424557638
903514664237932555
903466396338507806
903450003098456124
903406183170322452
903563141756121119
903401083261566976
903441839313530881
903468935310086194
904039835164082236
903414772517707826
903459863026368512
903441773630750730
903389010674745405
903510202513494060
903421134429642862
903485313001869322
903491222440644658
903471680683388960
904160417964781569
903463423436787733
903646730023751760
904122610860818463
903407136153960479
903437153101570109
903449078162133033
903380526856020078
903459905397223465
903403964714868736
903407635963990026
903641335481896962
903407358242324491
904065672965926963
904191586215288913
904070244853772309
903395528027553814
903476445450469386
903582251055480893
903999017191632908
903593690277220382
903434547981582376
903437380676124722
903396429941313536
903465597432639569
903455212738584667
904089701030461442
904005396933509162
903646090253975632
903599017999605841
903558961993752576
903465725144993852
903501285570011166
904074145254481951
903598736914133012
903437072516386866
903589066329714690
903417193495167037
903428370644205618
903549170068115478
903632591012368424
904071741440163883
903473824312492062
903452528488874045
903423100010508288
903454018003689524
903430118872059936
903440715827273749
903473733212209153
903455098779361341
903453177217695787
903462852990484481
903383418686021632
903433956437942292
903416087868227625
903594854704119808
903509836308836422
903468658997723226
903485171758669877
903472079897251880
903407552673501225
903998019916161045
904189138662719528
903429665132261376
904027273013899275
903466176217235528
903462122493726821
904059591539699844
903430401534607411
903645375854964859
903590690838175774
903600980921315358
904083296282116168
903589845874663436
903445558809731153
904033077569933363
903411460493963285
903433139572064277
903420958612783194
903463057064353792
903386316136415284
903989641835851826
903411949419778049
903559757393170432
903434037023092766
903458751317684225
903629748784222220
903463675246022666
903404480593297460
903652505941065808
903379809101549568
903603864396255292
903459961328259134
903442173775716402
903625249399136337
903402963559669831
903433276071501876
903585302453555211
903558050403745792
903438832857411594
903452668175982593
903979462352330762
903506249847558174
903409276075253790
903544863717478400
903585269322752040
904079464646991942
904167039478939700
904174863323910214
903594747703197776
903463816094961706
903410710493675532
903502891837431818
903439131030458379
903417563747319820
903425326472921158
903381450760552479
903418587467890750
903592301090181122
903412975023558666
903479676184457227
903433379008106587
903433346690973807
903588459829137441
904119593289793587
903454187172548609
904177467089092689
903427536606887986
903467011106017330
903966505874632715
903431328828125205
903442650479353867
903506506497024020
903443934624227408
903986777734410302
903584350724034622
903462768135512085
903516464085078046
903460623134896198
903669124356538378
903380628945379438
903482448292229123
903600759428501514
903589183925391412
903378338041712681
903633758291378268
903454303413473301
903418190758043648
904039959156105218
903524821500047390
903430365203554305
903473077705392200
903380419548966993
903427763850063882
903988212710641675
903470535650988052
903418843718881322
903466082529083392
903601813343834143
903407203296370688
903440953258418207
903492055198736436
903379394788204594
903380249797099530
903426149378584656
903600269202448404
904126893673021502
903458794804215838
904113670148194384
903379100050284555
904087415243825203
903428170466873434
904099602561630258
903594813125972008
903396234830696459
903445628913332294
903484039728623626
903606412024872992
903529574476967957
904137629661036584
903462700460437634
904159087372161106
903407658751643689
903470138341335080
903649235457683457
903430166263496705
903445978319843379
903447199655002152
903454900518805545
903422554851672065
903475121468112967
903461973075853322
903441132820770836
903509254214938624
903419034148683846
904072818755534918
903450686321217537
903464476634939425
903471246522581013
903993119668850709
903402377229508628
904190836567310417
903425901805576242
903475842166947912
903966816882290708
904109115482198048
904195721924841482
903562383354658836
903409157225459712
903384146867539998
903398655761985547
903434193550340106
903633445106900993
904067953455157248
903493563319472158
904074765420081173
903969471801208872
903427944574242916
903396844657328170
904053155812212736
903450491294478366
903467532499951686
904048468748824597
903634746947538966
903394563987759114
903422415030333460
903597055048556544
903446957945651230
903563968751206411
904188186811576331
903431612799270963
903402432539787345
903473569676267571
903664316170010635
903407024841326623
903418926237614111
903411316537040946
903438586035175434
903657420813897809
903640102725615617
903403356964417576
903441875862716477
903384820044935199
903641224597110816
904022518921310238
903470835795390474
903395093778681946
903977488378626048
904049692554428506
903462977502580817
903449572804792361
904072941258563655
903406834226970654
903629960684666900
903594653050343426
903439098138722367
903418688303161354
903443071113510942
903444284030730280
903443578792050688
903475732271996980
904110648072470618
904129728603103353
903599592149504050
903564180546793543
903402748551258152
903455665719218226
903466551842316310
903437822000771092
903479332985528341
903453081172340816
903593638704087060
904148884815765555
903482396664553483
903403376044310599
903381362000687164
904016545980756018
903461201676226570
903432024625385522
903538455022293003
903428514517225502
903599110593081344
903654238226366496
903595007796183052
903653388770746448
903448150847664148
903558132117176350
903455717061709844
903456413270048788
903472982196891658
904075560890822656
903444306365399040
903499441418424350
903983766479962152
903474659167711243
903445621954998312
903465118321483777
903494033177972768
903658096835059772
903486924428292127
903463035283324988
903422555044581386
903656531772456981
904124189210980462
903461146663727144
903421548101251083
903966170703601714
903594092196409375
903457941515034634
903451140648226847
903469740499042385
903403460769218621
903387885099687957
904059716433506314
903383557060300830
903479608995885108
904018714276560896
903437815449288734
903442017374310420
904125459405606982
904197368738644010
903393118169223198
903395350755299379
903423588126818386
903514429868630026
903583483526533190
903559113215209493
903632313865338881
903393589898391612
903429992967446598
904063679153197116
903483244895424554
904044101849194567
903451552549830658
903437713930321993
903399133996535869
904082707112419349
903560057021669387
903445355662835712
903461527976308737
903649760018313227
904125059831070720
904123357774102590
903601066480910386
903403025312415774
903548430213853215
903591893248643093
904118014234984490
903600966065074187
903402036974997555
903648015783444520
904063328391925802
903513369510813747
904026262425723001
903451615460225035
903417172355846145
903434580302913596
903377296222720030
903503884457213962
903434661009690625
904072296862470184
903466848530628659
904077717836808333
903470594597724201
903390800786886706
903429631544262696
903492315027480666
903665448485285938
903422211141025856
903457607686168607
903407914520293378
903559009120976896
903583313355231283
903437326821261315
903440574798000159
903629718161596436
903390595320520705
903462898431574036
903406743860678706
903460611680256081
903400455621709904
903600651060252672
903598283136598016
903471540664926258
903479766215172146
903448081125756958
904161454121443388
904200044020903996
904140698553565194
903401457292836914
903405059554037770
903647534013116427
903509796106412085
903585696365830205
903447267162345513
903439463781367810
903459256190263338
903463658800185355
903457596097331210
903630220924448778
903456979207467068
903994291800666172
903558788953542656
903491131126448128
903590418023866439
903392557260738560
903435191496900658
903458483230371890
903480336875409429
903458994524405791
903392388142202930
903454660705267712
903445506993291304
903409813445304351
903558879022026754
903473690556112927
903422438723969044
903439328263421994
903416666828972112
903404076623081492
903584525437763634
904048950061969409
903481502149529620
903403496487940117
904136191455162390
903424002356306003
903972658964729857
904019338862948432
903430503170990101
903473520238010418
903427151473283093
903653798503911445
904082761449603172
903442034663243787
903494350045073499
903634921434796093
903416772923899914
903478139592773632
903413757424852992
903477389345062963
903425011895926814
903649181057572865
903466348280184872
903402380786298901
903465280330666035
904009537445580810
903468269707612171
904140329576464384
903440355364569128
903433695912943646
903576604746342431
903453824369451048
903627580610072586
903594745580904498
904010876875599902
903408779100569630
903467143046246401
903594950032252928
903391986298544148
903975598710489099
903600999011319879
903401325176426547
904105673825087599
903513628274217010
903598870183952394
903389415169216532
903395262268080228
903661614157426718
903591964589555732
903648589245481000
903426446960263169
903426094168961066
903440222883291156
903566869208920066
903451616747864074
903468343636394014
904195899713003592
903383361635090503
903658379627622481
903402930856661042
903462804256874526
903563640928624650
903560498610589696
903446058011602984
903444090497171576
903423237067784253
903402228268797952
903468473269764144
903432257639968768
903466796970024970
904173714864758894
903471741957976144
904013100792037377
903456259771076668
903999725882191892
903404932022009887
903400752515522570
903396842748907551
903407257587425281
903410952014299166
903600551500062780
903558827436285953
904057442613223454
903626820438609921
903469375812685836
903459820806492181
903447511048527913
903440725419651132
903510167444930562
904125777300307978
903429087027138580
903423446317424681
904020387577352263
903527956859732090
903445762548047952
903406792195866665
903657229360726066
903451362107482194
903585039621693471
903596774369935421
903429422353371136
904150929174052904
904081882776485908
903466871754473472
903465733902716969
903445738942517258
904009839309643817
903445411354775582
903420789179682826
903583754008801320
903647336985682031
903512706403930142
903424753740681226
903397616761585664
903438060048490516
904059507309674536
903440603507994634
904091585325711420
903450672467423265
903626243650490429
903460461335425105
903415174294278215
904184857557631008
903633655891628054
903459393784401952
903438951241637939
903415728638660618
903398357492461568
903414755920859137
903467423339016193
903457524630573067
904017945699680286
903511708780347392
903602228856754186
903411043395584051
903993056540389396
903465501353738328
903432342192943115
903443873521623041
903467887027683331
904172668935364628
903452715605188619
904046886602801193
903553797165572137
903614771755102249
903644324959510608
903590130844069958
903466839068254208
904128491145007154
904070939384356966
903471463716233238
903465404373020725
904079575695392849
903405748455886878
904188887642017833
903970466274885652
903985825069563954
903550931596107799
903472386723176489
903399816443351062
903521248892551189
903473078745587774
903517497154756619
903567398114824202
903516072685207583
903446284290129920
903474545233645648
903398411561213994
903555080748417034
903455861354156032
903408640457863199
903402935873073152
903437017361305620
903588401717067786
903466312930590730
903464017559973909
903562716092981248
903439290615337002
903602388118700063
903394502591545345
903970503730036808
903455179876237334
903406993769910282
903592018238906398
903646725389049927
904007759484305448
903483945440641045
903456171984314441
903468590597038131
903647115014733954
903463978221576192
903426689512644688
903449689809113109
903991931636441138
904084166881198151
904150900522774559
903454083749404763
903450896208375839
903497988146593802
903414967917752400
903400531861585980
903653149955485768
904099835404247121
903453905239810049
903402192386539551
903379024607330324
904177634664128582
903466810580541440
903461810814996501
903401978254725140
904068620630503455
903472998143627265
904048761351856139
903463120956194836
903588744261673000
904132668231401482
903465930082902097
903582193610281000
904112241383723038
903477482949312574
903403849174368276
903978197912264724
903380799594831902
903450915971944529
903476806101917727
904074836777771068
903425634301259827
904118717200347136
903436705867132950
903397182277828668
903466770680143902
903384343504879627
903399329883123732
903404758981824563
903405101190881290
903401255945269328
903416128083206214
903437443154477057
904164389853233183
903495721448255518
903478708118122538
903594857442983946
903475732716601375
903473010722344981
903389392494809149
903992961673592903
903461098102067240
903463740400369735
904187168350670858
904068769033371688
903602133058875392
903511932634554408
903475967140462662
903399759572795432
903590491046703116
904122737558192140
903466352692592640
904072680788099093
903442860077097000
903423139596353656
903462272456884224
903495530359955496
904078750650601483
903545484596088862
903429901170901032
903542378667868160
903600297094565899
903444089230487552
903425162177831012
904100690283085845
903458183983546388
903434646421921823
903463497969573908
904195353337815080
903463589329911828
903403274001063997
903379847206825984
903662398496448583
903408632966824018
903382881563459614
903462099076927498
903659813811134554
903418701385203795
903452555533758474
903640625746960475
903420038982287491
903460616537247814
903470187850891307
903455468977020969
903463282843746366
903595722815983617
903434523038085130
903445183805415454
903461714434097163
903443355080462336
903437435181084685
903431821440720898
903999754697056286
903578718495199254
903589073980104704
903506773116329985
903445254865289266
903429790416121946
903402599338893333
903444101339418674
903453791871991838
903389093784866880
903602118710140948
903457428413222932
903390119250247710
904128815729631242
903440234321174589
904148578065338460
903472138466492447
903466918491602954
903461358434132048
903484859962499073
903465549625954325
904176610872295474
903417538615050300
903392981770440774
904069465791152179
903398934884524042
904161882624118844
904091266235641876
903560960973897728
903644841714548746
903412028654354443
903472004554981397
904079395029913731
903424177594302535
903445490752970823
903407970233241620
903406289735004212
903442096462114818
903496365643034675
903547247898292284
903461602320330802
903452358271442965
903581713257623602
904022926188244992
904038161099915334
903596735358730242
904181515410366514
903400608319557722
903461681844350988
903983750017331233
903460808154030130
903417550090690601
903471099067654186
904075323841323038
904116628512473128
903430846877413399
903458497688137729
904175344989401118
903410279243722763
903422531522920448
903421973802123265
903465106782957649
904014741855420481
903644961235431424
903479704428892181
903463038659739699
903380598339559467
903418776698110022
903425402511437875
903484577077661727
903382704467345440
904025705992585218
903450912226435124
904162599040598057
903420505284026368
904177168370774037
903456872080769034
903399851180576799
904129940931350548
903480716057255998
903438390832300053
903461224900067360
904011636472434700
903430861180006460
903428686190104607
903965679642869771
903637215677153310
903449855593181245
903650891750584370
903558845274664981
903392122974109706
903410476795437087
903422321283448833
903478728380780594
903465710284578857
904193074689867846
903644197163270254
904014320852172821
904177864809799680
903655386882646067
903646818129297448
903546646397349900
903479769277009970
903459534792704020
903498734330073148
903646436816719952
903481420037627924
903450324008849418
903401305391890473
903448901665845289
903428373760585748
904117107397132319
903462383371042857
903664900927262780
904015689348689931
904113497183485983
903634221908774993
904154197916790864
903563271926321162
903650976123199529
903403171374846012
903484223510429776
903423617164013610
903466478387490876
904087303931199579
903993098445668412
903412769154531329
903464504959074374
903464675793076274
904184272418648135
903414668612206632
903457546164117504
904128411084144650
903403491811270718
903411751574458440
903396585533235210
903462656218918952
903618387601686528
903437582216626196
903461598260265010
903426591533719602
903594703499452427
903473467314278450
903494053482606644
903560135077658654
903420820288831569
903596180896907314
904086871376810024
903571265502203944
903379870501974027
903385013834354718
903454177009758278
903418688923914240
904011813987942421
903553823384154162
903521413401542666
904105447399755776
904135036121546752
903397888992899112
903437531180326972
903469032664072242
903442574344343553
903459132739313746
903434501051543642
903465327743094875
903665408022810764
904010940788375693
903472971144900718
903463204515119165
903403802131070976
903440312574291971
903605360332529684
903454597094461491
903413741977210910
903595431248920627
903393567077171210
903412447388532736
903431748476612629
903387025913311232
903465929311125504
903967499471704094
903599529369141268
903435403330224170
904115018184925264
903467615400370216
904082636593565726
904106632986894397
903383288356409405
903417209647407126
903434426191589407
903470825016016996
903396322793619486
903479228769648720
903436776071376907
903986702480183316
903464257352527913
903456849142120518
903584622561091624
903562494612738078
903391000167333968
903647569715019816
903592481315258388
903380284035199016
903378107833139250
903471848442974209
903463427622699098
903442730682822687
903388018273030184
904113325565177927
903478551980957788
903424662535561216
904195802451279883
904062639116804117
904030961258348544
903401009924169748
903452562500505690
903463549400133632
903415591078084700
904086064585646171
903426760882925608
903968871164313610
903487222400045167
903468280793145405
903413217672441917
903475213776351283
903447525808287744
903435691575345162
903987187941507083
903492323957149706
903449582128758784
903485260564664330
903456295993081896
903382849456066582
903438194148778015
903602153606766612
903649404672679966
903381598450376806
904126951587995659
903413255219855410
904002775057330216
904160778033176577
903637920894820372
903592534171848704
903469429151653889
903464683447681054
903585292643090452
904127805573460028
903627078421848064
903405111592767538
903970916281778217
904075587428180110
903442480723271700
903469720899026975
904059133869842442
903430766963335200
903429624145535047
904119719731294269
903417946762801163
904061748343099393
903462775861428274
904108623502921780
903428843891740682
903394921342451743
904187313070936124
903460043922473020
903421087059157013
903423993430814720
903431831431561267
903412122992664586
903631027182919690
903409138065891369
903992901506326539
903458387583451136
903449909716463617
903418997695995905
903393828914995210
903433833167343657
903596784062967828
903462787412557875
903428046625861642
903471506368131112
903414907897253918
903383245385781268
904087490825187389
903425817932095508
903478395495645214
903424855821660211
903447960145244190
903464626006679564
903650571683258399
903413726726717480
903398971270123531
903570237226635334
903447961650999368
904173852274348112
903992123588751400
904077021263593502
903382153985941535
904195889642475571
903467564955467847
903422327331622952
903426858547306567
904117878792552478
903463626357219358
903450170912546856
903430555419443220
903440428672634910
903650321174241360
903400502300139562
903478109070827561
903435792855232513
903425442583822347
903446630437638174
903476562131841087
903466786081636402
903416605302751322
903424714385522708
903460771290292274
904115155003117591
903429400022896740
903465427768856577
903453125925552128
903451534958923796
903400927300571196
903507852809887744
903438606687961158
903417959517659168
904198527289286686
903587858110091304
903409393922617355
903647388160393266
903431587520204913
904149867457310810
903451564935630898
903482977101684777
903666976793198592
903392018762436658
903458880934268938
903475103608766466
903394189633527808
903439997754028074
903391783491354655
903461818729627649
903414234019430421
903464257402851418
903537362863284274
903560984650727495
903388497350623272
903439819135410237
903588424492134400
903469156110839868
904025930836635749
903446345703129118
903384990488862780
903461132189204531
903399949960630373
903423476956819496
903438941355651083
903455898113048636
903422912118288444
903450845276962826
903446841901854743
903633309941243946
903471942114377789
903423640341737483
903433509593559120
903626082534686780
903441155516162068
904031296819462216
903967302649806851
903404205186879558
903457510038573076
903449630476501023
903431006890111056
903433514890977281
904035201125060668
904164604287017021
903448969399648326
903435425325154345
903473759766339584
903441553438146600
903400399665516554
903415725270663220
903657349808525372
903441022867087410
903640014234198157
903982085944004629
903379979511951382
903405796916879390
903457797927231538
903435560956346378
904005842993569823
903407352231886869
903425005252128808
903408111820365824
903403590549397524
903410664293417010
904082395165261865
903474123785773066
903462461485752351
903650761693609984
904067941631426641
903444388401803335
903414570591354910
903462594357129296
903418517532061827
903462565538037810
903412187840806952
903585077076852776
903375652764401696
903646465837113364
903563570418159667
903584121404661760
903450154449928223
903457669216612383
903409983943737354
903400198414434357
903443852239728691
903494993518415913
904132636023345203
903389932335288330
903408517195653120
903498332402487317
903471659783163905
903383882236313641
903470793797820417
903385398598840350
903426084173922334
903394112135376897
903464121587089459
903478050669334599
903481082220015639
903468011208458300
903449312179126272
904180507720450048
904113105074798634
904032185428901919
904081588013375498
904086990083985458
903461393708224563
903990766404255795
903384633805250561
904118516687470592
903466780733870160
903448519204036609
903461992541614151
903469419760582657
903446499231404032
903468729524961300
903407474021916742
903995255215501344
903648074960863332
903550236209840129
903600047004987402
904126184705642548
903467538082594847
903405443064397906
903459468791148584
903415230359556147
903546065729511464
903412490606633020
903599545441734686
903407378702155796
903504361634795550
903439921543528450
903447726031790140
904069346039590932
904060293267750912
903406538734047233
903473610327490560
903424519518162994
904123442117365801
903653150437818368
904038540663459902
903461001435959317
903460552276332576
903455886528376864
903515617573879828
971667215206207528
903423953039679579
903639894117736518
904129622545944647
903438726032654357
904077575058513941
903482037757952051
903427657696432178
903437831639302154
903439692404502568
903594806108901376
903478618427113542
903439325478391818
903425328653930557
903445184010932254
903455281726500904
904126852417859595
903583818903093248
903981782083444766
903390324259446808
903404904385773599
903594172777390091
903558080304910376
903583740205367296
903426564241371166
903465009290559558
903478511635939368
903591947644600342
903601068372525186
904123494789415002
903657092244701194
903463867487748118
903508556811235349
904039207440371792
903419026682814464
903444081642991626
903400478547791892
903968855972532326
903481260553416744
903590357114179675
903591789485785138
903466676538970213
903422652604112926
903500102063239168
903410637823160341
903591088051347496
904070007707795487
903413315798196225
903421970606088242
903965279653097482
903474345001771068
903496807798173697
903510372869349417
903419762636382279
903386716184932374
903446409213263893
903545254223962124
903456895505956865
903420375940096001
903420929248489486
903591150466781224
903390902834323456
903427533847011359
903454238615666770
903457110128476190
904176288032489505
903427747072847892
903600420449030165
903594584058245150
903414440295297075
903483480137166858
903388258803789885
903414347336917022
903421206613618748
903593259518005259
904093377069449256
903414533664669726
903485956714287144
903432667255676979
904147462820884480
903653492399415328
903594671257845791
904160971482877963
904161987053912074
903980870820585552
903969602550251560
903406924152860743
903443640418975755
904031987185102949
903477290464338021
904143837390307368
903386445270646814
903440182169182209
903587616400764999
903654277069819995
903436858699173909
903396726789005384
904193712576397373
903412942488346635
904131206994595890
903464102549135440
903440393155264633
903970344774287381
903448218468225056
903422571784044604
903455272629047349
903644687947149392
903435801021538304
903983930414342215
903629152886861845
903389089116586035
903664420436209704
903479611348877363
903436141972299836
903647876066975774
903450128013197332
903572025459740692
904151391365374022
903602701504503838
903502255314071622
903465431870894140
903407353569898558
903467763257999410
903473627742212118
904042431505371187
903474962080333835
903468244629880924
903453572149170228
903415194867368018
903434898482823248
904198832689147914
904007874408226908
903387289370099783
903507623989616640
904119778296348692
903584783647518730
904004792282665050
903470067986092042
903430159959457852
903644691822678056
903428308459458640
903452361597538374
903588610845073418
903449784323538995
903485251282690140
903453776994791484
904034329171214347
903603368671461408
903459596797108234
903458125888233472
903438376345145354
903464632952451083
903380083388084284
904094778684239873
904138977064394792
903392001259622431
903493751052304415
903405725936672839
903464641840160798
904122027575750666
903450199945543730
903401548678307842
903456770406629402
904086120927735828
903464210808324148
903387676714082325
903440040770830380
903495768537694218
903512368867340298
903629394780753961
903470633785106472
903402970283126816
903594222303719454
903561073720950794
903997173367189518
903479477693202482
904078753448206406
903417891158913144
903474520168476703
903583945302618142
903653233355006042
904193052497805322
903458374316855317
903381817531449354
903476528967479306
903401276526694500
903437630010703963
903998774316240928
903441230065709089
903462715492798504
903462853107908679
903435155019030590
903512074104242217
903465346521006080
903446028496298065
903456891743666207
904185933950242848
903460765443448876
903483796073111592
903653646170988565
903439234810146906
904069270797946891
903646327618011196
903478340516741140
903479619565531147
903425264317505636
904127702649438208
903417820333871146
903590034387636264
903467932774977597
903478318584705024
903983171014627398
903545059864109057
904160192244121630
904198787633934378
903509328395390977
903456541452144671
903401286278471721
903405322448797697
903427838013767702
903429955046768691
903449297855598702
903591903864451072
903462832492937217
903592606611697695
903455181805592606
903401915470192650
903412265217327156
903463051343298670
903418598356303903
903636232825888848
903643602008309830
904105640564236328
903389378188029972
903404831639740426
903480412964290580
903446299842605076
904161785765056534
904120447455608892
903438392077979658
903386300198056006
903449436770926592
903394539971158086
903535908295409690
903472840265855026
903390462856007720
903991605030187048
903600434432847952
903409757895942185
903650784086999150
903406194750808064
903545954236518400
903393620206424084
904031660910215238
903439912156672020
903500807243182081
903658112140079155
903569107163676724
903463912970780752
904095381661548597
903453476938452992
904021946860200036
903649691844100096
903476517126934569
903589717252145184
903466191182495815
904035085299372052
903454763952263199
903405476392353802
903464892600840203
903601178183618570
903392005403590656
904183918452949002
903399058679406593
903467217771987004
903461282164908083
903455626959659079
903986567578800138
903430400234389505
903969702915739711
904149112776167454
904063391465893928
904116133957865532
904187285480804362
903465765817159710
903453409259171851
904015924699471932
903437241853022218
903465791230455819
903646068032540693
904120293264609290
904114648205373481
903450120434102292
903454999705698375
904200481155448912
903445412197838900
903589041197445171
903388668205621280
903462082341642241
904190410140823552
903478210744959017
903601181220282398
903650502137487411
903596121681690644
903391364740423732
903601853353300000
903514094559170641
904041184698175588
903585740905136188
904090466709020713
903404971029065728
903564442883727390
903464256282959893
903377031113371690
903445601440636959
903441588330573874
903427657763541003
903667418239492157
903450140336078860
903419586727276615
903515173631975425
904022247575019520
903466151223377960
903383256790077483
903663960446869544
903435457700970516
903740172338872402
903476584026099713
903461478634500137
903466602081697872
904122421148278834
904169594745397249
904032378975055912
903448206019538995
903451603837792306
903461669307576372
903468538809942097
903595872280002611
903459205393027143
903475971779334155
904111981798260767
903442877122768897
903560742328991784
904119510481637376
903477937146298380
903428002816360488
903485030658093056
903432158318821397
903504922396459009
903516317070532649
903453331131879446
903454986623651892
903456657625985085
903569041749327892
903640215715999744
903433846337454122
903428569227726850
903653629540585522
903417899996315659
903474360977879081
903978049492639794
903467528653770752
903457649729888306
903399753218412574
904006209743515748
904145116967600189
903458810734202900
903588420172021800
903635067824398408
904091946077806692
903595147072262144
903471151173500990
903464615336374292
903384752638287974
903473762681364562
903447130390270002
903508134331580426
903415605485535342
903454303728070656
903507387191791627
903458360010108940
903446974156664832
903440887344943125
903619609767313469
903420288967012403
903474250852220940
903447888154198016
903479055582629918
903588090424217610
903443213669519360
903591175833939968
903440672667861022
903456276804141056
903461673782874144
903448976253149246
904168881206210572
903444723623137281
904088295607263253
903433541742907413
903465440641187891
903479947555905566
903428447785857075
903416800862167090
904023793301876757
904084050304729118
903399128397135882
903473959595540551
903625410485563422
903470772486541313
903428967967637534
903582950841544774
904128121765253190
903385736374526022
903417675672334348
904089261802930176
903461365920976917
903462634182045746
903469376303398912
903560494089121802
903651716988280892
903459820932300821
903472957328855092
903407974595313676
903452712245559356
903510694048202772
903427669159444490
903986560775651379
904192327797600307
903476386377895997
903663929270620180
903385581516628068
903424348810006539
904016393815621662
903445359370592277
903425487710326879
903402704666255432
903438723599970424
903456989529640961
903403677430218762
903404453435162654
904028902182248458
903968540036575233
903635824481017877
903460890014261268
903461997822234665
904186662144344094
903965860320915536
904199535016964136
903467799068934204
903391405668462705
904066309359296542
903498036129439764
903459951240945684
904142736926576641
903395922774487040
903440978726240277
903405394976731197
903487406509023245
903421399438360636
903599497303711765
903434749467590748
903417053694795806
903389132745752576
903401161346920449
904186535933513800
904105479905619988
904115455302705222
903453050331602994
903465835518124034
903645977473351772
903404439497506869
904049731162996787
904022212577726475
903435232588496937
904148518313295953
903456613690662974
903482336258187306
904195350150144080
903480417997426720
903462141200330873
903419634764640257
904069521889968188
903981359368896552
904158374361448468
903453506667687966
903469278802628639
903642531034701854
903599768624844821
903466488437047398
903443790709272576
903380979706654740
903456887536750652
903516667349454848
903474721662853141
903466703114084423
903468169618931732
903568778896498698
903450268111372290
904158597339054090
903411501640061028
903410152659623946
903444196990533632
903651507168235520
903602613684166708
903595848477339708
903415344696274974
903465524367851521
903434128811237387
903448012251095060
903429235220316211
904170080726839326
904193836107051029
903412822665474089
903452504753311775
903963819674595328
903598907395821568
903478689084362752
904188689264050176
903474354745139241
903419726783447083
903451051741548574
903598468940058665
904057075741638728
903560380989718559
903383392555507822
904094868840792074
903468554416971797
903459071913513001
903390370602299392
903429082866413601
903467114336227378
904197436606677074
903407885613142027
904133548800364575
903971958146867201
903386862125731880
904030965473636392
903475959917862942
903390846894899241
903410339775918110
903472621511913492
903402820047339520
904173379257532458
903469911400144946
904104912382742580
903540957532815360
903411354889764864
903480665264226356
903407849063977023
903413870759149610
903547804411101186
903479185157283860
903645051991777320
904158718642495508
903413688474697888
904050455494152202
903599143438671892
903431716767662140
903405482780291072
903477433855008798
903434106157805608
903587847074877460
903431128793366590
904114193526038548
903426239560290385
903483678682927165
903602677030739978
903463744061976676
903464198544179260
903592197541232702
903406807911899186
903600276940943410
904058208988069898
903438150318309407
903985403349053471
904096341431566336
903404127076356117
903463120574492704
903597606951870494
903479409321857026
903424480372748328
903514229888397312
904155274275868683
903387484845666324
903418126929109062
903578592687063110
903524980271218738
903651872135594024
904080302278840371
903471534805508177
903423997591572491
903459926280642571
903442095304482866
903474408914554921
903386510408183808
903483269587296316
903517401126150185
903416689809567775
904129758743392326
903542661976322109
903384857470726204
903403136427909150
903471527465467965
904162635002572821
904109950966583306
903482562050134086
903388193301336064
903487300778987530
903606736508825632
903454017982709781
903432759622660126
903585954307133482
903463366780158022
903408974144094229
903561236686454784
903496923682574397
903510302786728097
903559740750184458
903593504943521823
903657591534678018
903632175738552390
903629350589591553
903460404490027018
903962684037423115
903485391980625961
903523791353827340
903379483816509463
903625861947863121
903460102718251050
903472235237474304
903601180318523392
903647007149813841
904199335254827029
903417368246632498
903589162853212200
903423213869105232
903650111358369802
903448160297451570
903459842063224852
903549418958118963
903440934321147914
903439387499577414
903429144912732161
903429791590526986
903462430661824523
903461212367491132
903449574604177458
903424075651747920
904082997958049813
903398436609597520
903994671792013362
903420356986044467
903652006760165467
903402786752987136
903454470174834698
904118314819805244
903416117450641440
903449924883075092
903582679168073781
903656432283570286
904070211420975166
903422084426891286
903656678866702366
903618406811578379
903394827704606780
903464212926439494
904105021359132733
904106420717363251
903667818434793532
903439496325005412
903497975651762189
903435598461825025
904016609537040474
903467718290833448
904006927317602414
903462755720388639
903466961906843668
903405810103767082
903622624515592194
904016714189131846
903444679016718346
903479535662665728
903595974176419860
903458055692386365
903458810906165248
903431404577226822
903461022612992062
903505035785277460
903654025092796436
903466102078701599
904194294494167060
903472293601243187
903449293740978186
904041728619724810
904191581043695626
903441157470711819
903436166664167434
903464292400128051
903440876582338601
903442436221722714
903405269906780161
903434524153770024
903440381654470667
903599365942300752
904011599000526848
903398237438890064
903391999535775744
903599032008585226
903458109790498847
903433088875507792
904173138198286398
903413988069634089
904164658330603620
903406985821704233
903543893042278420
903423817119060028
903456802631462942
904020088435404800
903464333353320499
903419534864707654
903461698697060433
903464140671189062
903463335708725250
903978969316069396
903427519406022666
903459693438042124
903642801936404540
903390972338110496
903652634567786566
903584328129347614
903647189899833376
904164426649837610
903601777251868696
903518870504099840
903407896006635571
904081142758641726
903431170799329322
903413964849950761
904027839366586378
903966212713771020
903467082769903646
903477818221002792
904056928248950855
903966469904273431
903473935461548037
904018685604270160
903439446320504833
903640595711549501
904151654922866689
904077017597739048
903603162206834688
903441915725373501
903451302598680596
903411125964668948
903585299710496788
903421136958787615
903460807290011669
903475428050751509
903594149180215357
903396854329393172
903440241174650931
903459520561414174
903468786873692180
903468553737494548
903482445792415835
903648289692483634
903449217278808124
903387726055866368
904101800859291699
903411035195719751
903417548635254854
904047965423927366
903401098461728799
903464136028073984
903658664185962576
903449451924979753
903402710462767106
903463500872056872
903449076941619230
903443614665965660
903400524223774731
903409163625971743
903587717596712990
903509738820616222
903400235273965618
903425664865161247
904007762093154345
903461546129260585
903467432679718922
903463094079090698
971667611878297641
904085502834118687
904023454607630376
903996395340578847
903467533275901993
904197142116184135
903471258820304898
903469700468600853
903410905889521734
903473974149775452
903431710920814614
903384773848862820
904045547567079485
903595111772983358
903443171286073394
904121973670572043
904026935275962368
903557896690868284
903582593470062612
903518129014063130
903467611386413066
903451812588306462
904074700567756891
903382628588199967
904038940607135845
903428186803671100
903468650210676776
903459892201943041
903432548598841384
903403949686657064
903994830840008704
903562472705888297
903410100423782440
903588369391550515
904016002671579136
903976031529107457
903380686961000499
903466945377099836
903453198419910676
903647708022206586
903659626904576031
903642358682374164
904103953921355837
903657923752906886
903543192425750531
903451651812233257
904187525789261845
904028017666428958
903427984743104524
904074569785147393
904106717887995935
903417019318276169
904051927116030013
904174603981688832
903480821900541983
904027336335306833
903449610138308649
903426188624683048
903461367359606794
903441903872262215
903999469819940895
903493640364621855
903659351594639481
903393384234876958
903416429976616961
903407731791253545
904191730629365780
903392432782184449
903448839221026827
903437049535811585
904171000801931355
903641826228056075
903406124345204807
903982282501677126
903659191137366077
903430664483897365
903970183134208052
903459688471998464
903658742283911168
903430016359088190
903966574531190865
903599619831902208
904190224958115920
903438799047114754
903549482489229332
903456538415464498
903585303527317555
903408919068680223
904054546450485278
903468921817026580
903653801410564147
903472238806835211
903411698990460939
903429365524738170
903646481234407434
903654074455564318
903482462787731486
903458701040553995
903549916805206077
904183931769864234
904189380833464370
903657453428817920
904188924757426236
903462900763602954
903589724688642098
903377203528601631
904120785214525440
904090645789048903
903467509989138482
904146672559460413
903422296151175178
903560458223624232
903430778728349717
903393609712295996
903403047500267520
903495602841739264
903589313676181534
904188013138034708
903649988754681896
904122735968534528
904007344420180100
903628368145186867
903405404845912134
903463794196492398
904082301430939678
903965777005252618
903509760383545364
903467154941288499
903445993784234056
903386691757293658
904115936448106547
903474597805031484
903459004708159499
903443020131745812
903591922625568769
903470946923462686
903508122709143603
903645207332016188
903399826585182209
903404879379304528
903643510194995220
903424414257913888
903436852999094334
903408861560574033
904091820529713212
903437846361288726
903444463429500938
904038280197210236
903383919750164510
903441430360510525
903425037053362267
903455109957173279
903384645427679272
903449301399789638
903481403168133202
903468974468104213
903468590701887509
903597008110096405
903391948465922060
903627321985101906
903387119282704415
903384081910366250
903436073777135676
903643566314782730
903663766615494667
903980671293345812
904150111934906378
903651536863907860
904070009863675914
904160346640646164
903433937467093044
904114332302987296
903443385451434014
904135396089266227
903428825612959774
903561658859913258
903429395522392114
903464194312114257
903465584405147659
903438720827527199
903467198394281994
903465778303619102
903452559644164116
903967504483889183
904093396925296660
903447122010079283
903551277135433748
903513398120165406
903449115332071445
903496298114732032
903512198326911029
904081903743823872
904172665504411678
903971245773709362
903562645897089024
903457365855203400
904116905567199252
903589104955035700
903970001847992380
903435100660858923
903458896742600745
903426096010240040
903461829257351209
903466450017198130
903976356931600434
903420802433691709
903459722773037076
903438139681550427
904014041935134820
903621707703681035
903654516816224317
903470250807427072
903598188525670401
903437388259418162
903378642804027394
903388368468066395
903441635998851082
903584300300111872
903420842640297995
904084840855507006
903413968192806925
903495729115463700
903437348849733662
903601297205391370
903565993559851029
903460642382577664
903602639214895184
903418519000088606
903632879840546836
903446331073376276
903418685979504671
903394097530802216
903399021652107275
903410959161384992
904025524416946186
903408883903639582
904103267099901963
903420083815190610
903433719312953374
903435947243356241
903646665616027659
903440855598260275
903558673173983232
903642100564897873
903422028701392896
903997744581070849
904103175131373630
903423916473712681
903376580112437268
903413561567633489
903447869544103956
904092613521604669
903456854410133574
903437119639400448
903433245746679868
904016658396508190
903431098342731776
903974120465776680
903631157067907092
903404131547500607
903428139894591528
904165449938395149
903423898190761984
903391563424595999
903455623264493628
903446800105627700
903462020043653211
903480303153205259
903591251478188043
903392309180239902
903404321629171772
904055900984209459
903432058842517524
903550240286703639
903473201655480361
903462702800846888
903463475479736330
904185415400034344
904029917275115541
903479114403553291
903663202808758413
903969090677395546
903459184559943681
903426585477152818
903637894579769372
903479963271958669
903585900007661598
903992355881889822
904157963512606750
903981526461603901
903448713073139762
903462343323828274
903461902334697473
904118561432272959
903460065460256838
903384819579367504
903461558028484669
904165443881824287
904099214861139989
903398305537613874
903407126809042944
903395074073829467
903455555195134022
903581736846385162
904188733853671474
903463854888071179
903399201197662250
904133919941734461
903600271312183307
904161851892437022
903421380354260992
903476433509306448
903561252431876096
903445927287722004
903468283573960725
903460532718280724
903406702265786388
903435052560572418
903597511548235777
903427426632212540
904019911754539018
903409701608390657
903423709547728928
903448822108291112
903408299603542057
904011685201862706
903594926787412028
903377204296155137
903441906099429386
903567616357044245
903584754241249280
903386166680780901
903482712130723881
903471707027800085
903400568280723466
903434821085331466
903448875606614046
903450419462807612
903446933014741052
903458090568015903
904083117839614012
904158718462165003
903560413873057832
904078088520994827
903971005997924373
903984862292217856
903467215666413598
903399895791206410
903456131337302067
903412871399088169
903439352275812403
903455925933850647
903477809136144434
903451169974788138
903441590515818606
903588349103706166
903392661258534912
904008585091104840
903471325958504490
903587671107067914
903996255343095848
903423589603221546
903431191200428122
903451952195711017
903464800112234506
903497759229878292
903380691574738974
903460384315408395
903449166552916009
903389071836053506
903430100542971956
903644288020250684
903416487467962468
903382989537423431
903442669433401376
904013760027574313
903440127576125500
903390890909896734
903601890049277992
903399856222122025
904017840091320360
903384089573359626
903415019780329503
903436474656100383
903450341473914951
903404944965660675
904067257053880352
903442331238289418
903416883439632405
903653418684530708
904025825916092496
903600450652229722
903467888676065280
903377536472469534
903567541857828936
903393163975200828
903428446212984913
903429791586332753
903448836754772009
903470061593976873
903436891188252672
904084341376831508
904104797358157834
903404839655047218
903404064086315079
903469392195637279
903459804381601793
903383256068657263
903468970999414806
903474075328983070
903479275997499433
903453480625254432
903487344739500052
903428362586951771
903448661235761186
903467623981928488
904107678119391263
903583834585575434
903453271111385108
903591466113310740
903425865633894440
904149983580815370
904171712256548895
904173405056663582
903992399242592346
903385778556661802
903419759759065139
903417051677331498
904189428099059713
903495493387182161
903427286471147560
903446293806997536
903660495041626182
903397493499387934
903436575294226433
903416219636494359
903637143912591392
903668962309578823
904104447293132809
903402696244072478
903645634052120628
903418062957580322
903480370295607337
903597352357597247
903447470074372167
903475768854736937
903445797767635014
903453123874541589
903457747218096188
903430319179464754
904087306737180762
903601806200942602
903401665397424219
903437500767432734
903477965101359107
903465012453048331
904031932097114112
903590060388151328
904014904770568195
904107256583446588
903391294427119616
903412153564930079
903402035355987968
903399352637218826
903486223832715326
903516268865388574
903511800966963220
903399186605682709
903431519949971516
903451622498263050
903465641539936320
903562880518094888
903630861533069343
903458418734546954
904157838748844092
904180587278000148
903408087153672232
903984644897271820
903450744756252733
904077264109580379
903452126469062757
903419295961346079
903967789956620288
903437213205925979
903423106167758928
903450017413619712
903430722818289705
903395011582885908
903438990198329364
903450637759565835
903435022919434242
903446062658912316
903600369848959056
903587784965636116
903643534492577793
903589145996329000
904107823825297418
903433664237535273
903443944422117416
903591256159039549
904064435763675177
903426750871113759
903464943419027506
903577892330545173
903406097296142347
903416129186320384
903449825327063040
903419061344555048
904191009691410522
903438961031143434
903414749121892352
903451959820943381
903468230117560381
903453893357363230
903409032092606514
903403649642950726
903655959648436225
903382844255125545
904083466008793128
904156336219119676
903472457279766529
904104329189916683
903479104622456943
904157745928888371
904077463682961478
903633225535070208
904092627656396840
904105760491966505
904200281317847061
904175265255669762
903389247426428948
904075960628944968
903406711224803328
903453533720940574
904194587235582024
903380144025137162
903457419135442964
903479611856392192
903598097974849597
903433052166946876
903410600347070545
903409434884182057
903462328111071262
903474981525155951
903448313322414091
904024177298776084
903464574311862323
904157432421416960
904117632993751061
903593347103465492
903465067583000657
904042771688587274
903639331527340042
904092405454745641
903978208607739994
903583944413446155
903403624330317824
903468349596500031
904168918963339287
903385792569802782
904164119043780628
903582012684779541
903435770185003018
903466302553862184
903380502923337768
904080222645784607
903469969382199306
903445363321630761
903388773742674001
903448590456864808
903447997420011530
903426149877706792
903407849919631401
903462907768086568
903448179863855105
903581764566536223
903998786051923980
903376023662518312
903461698449596457
903466169216933928
903649757208145930
903411890611429406
903419389213294674
904047807701352510
904124593361534986
903637148194988032
903477934969454604
903453723920060427
904024162945867837
903478598437064764
903462889740984411
903410605388603392
903963857381392384
903434480075821186
903558752228237342
903458010284822538
903473841198739486
903421010680893470
903438746106617926
903398185165287474
904185272827281409
903517369178157057
903441288714682400
903461657907433532
903642757216751727
903583846912655411
903621938520412200
904196587524341770
903497631626563655
904167899688759356
903508980083597323
903593371078123571
903464506112499723
903417314769260594
903614020576247928
903440832227581972
903462982623850506
903444807073026068
903438442451570689
903446416368734259
903453415290581013
904048366827241523
903469096488808548
903495455646822471
903445083842564138
904073390208475216
903475471713452084
903379820799471656
903450593367048223
903479597658689546
903424788951887892
903463590365921311
903414392706719805
903435671379804200
903477358017790022
903387824651378709
903459389992747078
903442032377339955
903381461464404008
904017241136308255
903580954344448011
904166123287765042
904061339037732905
903464749658939442
903539308110159922
903426242001399870
903987398399098940
903454517943754774
903445042574807082
904183713619902484
903435977522036807
903462529672548422
903400554095603762
904076238052810762
903420066635350036
903379286088618014
903542621950058506
903559041475825685
903504034688802826
903647129719943198
903571115467739176
904002851729191023
903413239621255169
903464306245517332
903453313125716059
903992417051607051
903460902878203915
903390607660179486
903413992314269737
904181276582477834
903565946902442004
903406426297360415
903387379677671454
903477144653533194
903598214299660298
903404246815354960
903499231015350312
903548706572361738
903620329467953243
903469719884038154
903422821785567263
903467671943786527
903601605134401557
903660855047118859
903570888862097428
903591247669764126
903598255294808065
903559065190428682
903652507186782250
903444699120009316
903545463737843733
903407912347648042
903439415093891122
903454181191483503
903418897439555624
903398307139842129
903589334094061629
903660451529887854
903657567098654800
903594708356440114
903479071718137967
903463357049368596
903439280016338967
904184299933290527
903438531085598720
904112637477015583
903558415786319903
903403513533595670
903660210860720159
903389162047168563
904162182667857940
903576639412273183
903433533773713418
903395730276876348
903444740027068457
903467052168249385
904179836698906647
903558081395441675
903627583919378492
903482837473296424
903971679036928041
904093827311214622
903593286827130900
903591364753768539
903661964444696677
903475391895830559
903401563782012969
903444793038864405
903383094680248331
903397806117638225
903400708341121055
903430756834103407
903386406435565568
903411399424888862
903419769183686666
903475651133194271
903395627721969664
903469784807637003
903433931024650250
903558515245875220
903466314033659915
903441807264862260
903395036551577662
903644439912808459
903593683067207701
903984466542878740
904007538834571275
903428691193892884
903411611556020295
903460302174175353
903656467998048257
903467728529154049
903448073542463498
903650125740646462
903450503298555995
903384876856787035
903424227783360542
903449014668767233
903440313601888337
903405266039603210
903993368428826715
903443110535766046
904071118154002473
903454710747516949
903403225397485639
904156311502082069
903455197915906088
903462461406056531
903461372975808572
904076580974911508
903473932731056139
903517982850940948
904021756774326323
903560310416355389
904189540128948225
903659469328777308
904052560137171014
903445671447769129
904071429019009105
903971239960379472
903425532035735592
903599770680053790
904193842478215188
903481273299922965
903424824557318244
903418791394947082
903449257674166272
903440565620846593
903375834432303147
903966028483137566
903418010864324688
903381982854135839
903441158468960297
903412220665413642
903463917337067600
903474264836042812
903425717705007144
903977643689517107
903973026297696296
903457607845568522
903388070043324436
903598982318686231
903591210092998678
903396817067208764
904023049806958653
903569576221089812
903456024076369950
903469507971018783
903658334958260225
903514352328511528
903546624180105267
904153457823449108
903974881375453185
